1,1,1791.056884765625,553.9545288085938,91.7066650390625,54.20703125,0.6107144,-1,-1,-1
2,1,1788.9256591796875,554.2218627929688,95.833740234375,49.48358154296875,0.48768306,-1,-1,-1
3,1,1786.8416748046875,555.211181640625,100.0404052734375,48.56719970703125,0.47197494,-1,-1,-1
4,1,1782.006103515625,553.990234375,103.2120361328125,47.7633056640625,0.43441108,-1,-1,-1
5,1,1777.78271484375,553.7747802734375,107.488525390625,47.440185546875,0.49181798,-1,-1,-1
6,1,1776.0662841796875,554.50830078125,108.579345703125,47.71575927734375,0.5403707,-1,-1,-1
7,1,1774.75439453125,553.2041625976562,109.2659912109375,48.25286865234375,0.3707147,-1,-1,-1
8,1,1770.700439453125,554.8526611328125,108.908447265625,47.1534423828125,0.41344544,-1,-1,-1
9,1,1769.3377685546875,554.1651000976562,109.53466796875,46.6307373046875,0.46685258,-1,-1,-1
10,1,1767.6546630859375,553.8466186523438,108.261962890625,46.2320556640625,0.3206101,-1,-1,-1
11,1,1764.4168701171875,554.4740600585938,104.2132568359375,45.63433837890625,0.35032102,-1,-1,-1
12,1,1763.032958984375,555.5108642578125,104.69580078125,45.0721435546875,0.5448624,-1,-1,-1
13,1,1760.6407470703125,556.0914916992188,102.072021484375,46.739013671875,0.49372646,-1,-1,-1
14,1,1757.776123046875,556.6295776367188,101.0845947265625,44.66107177734375,0.48149583,-1,-1,-1
15,1,1757.2313232421875,556.5903930664062,100.523681640625,43.56732177734375,0.5225413,-1,-1,-1
16,1,1756.6224365234375,556.580322265625,99.765625,43.6666259765625,0.58333915,-1,-1,-1
17,1,1754.022705078125,556.986083984375,102.8819580078125,41.66888427734375,0.51414174,-1,-1,-1
18,1,1751.10986328125,556.1226806640625,96.9910888671875,43.61614990234375,0.4412997,-1,-1,-1
19,1,1750.0806884765625,557.5997924804688,96.5986328125,43.28607177734375,0.575048,-1,-1,-1
20,1,1747.99951171875,557.9874877929688,99.4158935546875,44.371337890625,0.58625996,-1,-1,-1
21,1,1745.690185546875,559.57470703125,90.1920166015625,42.85284423828125,0.5916644,-1,-1,-1
22,1,1744.328369140625,559.6834106445312,92.7181396484375,42.77972412109375,0.55260205,-1,-1,-1
23,1,1744.3465576171875,558.5160522460938,91.09765625,43.596435546875,0.60526454,-1,-1,-1
24,1,1743.2208251953125,559.3885498046875,88.8218994140625,44.462646484375,0.70152485,-1,-1,-1
25,1,1740.956787109375,560.4243774414062,90.2557373046875,44.40826416015625,0.53627247,-1,-1,-1
26,1,1739.74755859375,560.2600708007812,84.64599609375,44.3095703125,0.61490107,-1,-1,-1
27,1,1737.9705810546875,560.2904052734375,86.5546875,44.22491455078125,0.6524215,-1,-1,-1
28,1,1736.4967041015625,559.9406127929688,85.16455078125,44.987060546875,0.7089188,-1,-1,-1
29,1,1741.0062255859375,559.1111450195312,73.3258056640625,45.530029296875,0.670364,-1,-1,-1
30,1,1744.4659423828125,558.6089477539062,73.0474853515625,48.2579345703125,0.673596,-1,-1,-1
31,1,1741.4088134765625,556.078125,80.0784912109375,51.58587646484375,0.67214113,-1,-1,-1
32,1,1741.2569580078125,554.9046630859375,64.540283203125,49.408935546875,0.6713331,-1,-1,-1
33,1,1741.6444091796875,556.2715454101562,57.8629150390625,42.29742431640625,0.590571,-1,-1,-1
34,1,1741.0936279296875,556.9732666015625,48.6768798828125,41.9000244140625,0.5562933,-1,-1,-1
35,1,1738.5172119140625,554.8091430664062,53.92333984375,40.318115234375,0.3926262,-1,-1,-1
36,1,1735.466552734375,557.2681884765625,58.650634765625,39.5931396484375,0.48412615,-1,-1,-1
37,1,1730.1395263671875,557.9957275390625,67.8065185546875,40.34722900390625,0.65232617,-1,-1,-1
38,1,1728.3426513671875,556.7597045898438,73.5606689453125,40.92510986328125,0.5600835,-1,-1,-1
39,1,1733.8125,556.9066162109375,73.0179443359375,35.55377197265625,0.5974495,-1,-1,-1
40,1,1738.694580078125,555.9376831054688,70.1085205078125,36.201416015625,0.57566196,-1,-1,-1
41,1,1743.8089599609375,556.9075317382812,69.55517578125,35.106201171875,0.626892,-1,-1,-1
42,1,1744.5596923828125,557.0660400390625,71.3687744140625,35.3741455078125,0.60227853,-1,-1,-1
43,1,1744.3037109375,556.6580200195312,74.37841796875,36.47564697265625,0.53975874,-1,-1,-1
44,1,1744.074462890625,558.862548828125,74.589111328125,36.7235107421875,0.57023436,-1,-1,-1
45,1,1743.37158203125,557.7042236328125,77.578125,38.4136962890625,0.3801852,-1,-1,-1
46,1,1742.550537109375,557.6825561523438,80.1888427734375,39.4410400390625,0.382925,-1,-1,-1
47,1,1745.398193359375,558.1920166015625,81.647216796875,38.8411865234375,0.3983396,-1,-1,-1
48,1,1746.3543701171875,559.172607421875,80.9969482421875,38.09161376953125,0.44856507,-1,-1,-1
49,1,1746.96484375,559.0343627929688,82.36474609375,38.16180419921875,0.57048565,-1,-1,-1
50,1,1748.6221923828125,559.097412109375,83.144775390625,37.4339599609375,0.5253505,-1,-1,-1
51,1,1753.27490234375,559.4020385742188,82.7652587890625,37.4805908203125,0.48178196,-1,-1,-1
52,1,1754.9149169921875,559.435791015625,82.55712890625,37.87127685546875,0.6149153,-1,-1,-1
53,1,1755.921142578125,560.0369873046875,81.4776611328125,37.69744873046875,0.6218425,-1,-1,-1
54,1,1760.3619384765625,558.0753784179688,73.3966064453125,38.33306884765625,0.5631979,-1,-1,-1
55,1,1760.9794921875,557.3505249023438,73.015869140625,42.15789794921875,0.67667466,-1,-1,-1
56,1,1762.353515625,558.96484375,71.521484375,44.08123779296875,0.6948527,-1,-1,-1
57,1,1768.921630859375,561.7725219726562,67.7001953125,41.63958740234375,0.56492704,-1,-1,-1
58,1,1772.0478515625,562.7297973632812,64.5693359375,40.40423583984375,0.61433107,-1,-1,-1
59,1,1777.4075927734375,562.0140991210938,59.87890625,42.18280029296875,0.49904802,-1,-1,-1
60,1,1786.5809326171875,561.3856201171875,49.402099609375,43.1358642578125,0.5211066,-1,-1,-1
61,1,1790.74609375,560.0989990234375,43.9462890625,45.22650146484375,0.6282886,-1,-1,-1
62,1,1795.53173828125,559.3012084960938,37.3797607421875,46.96844482421875,0.6084976,-1,-1,-1
63,1,1796.9666748046875,558.74462890625,38.2557373046875,44.4580078125,0.5969438,-1,-1,-1
64,1,1799.8233642578125,556.7962646484375,33.421875,45.41986083984375,0.5425097,-1,-1,-1
65,1,1799.3572998046875,554.33935546875,34.270263671875,48.18621826171875,0.52638054,-1,-1,-1
66,1,1799.3544921875,555.0398559570312,34.3428955078125,47.0203857421875,0.52557796,-1,-1,-1
67,1,1799.658203125,555.71484375,31.79443359375,46.57281494140625,0.59766525,-1,-1,-1
68,1,1801.06591796875,556.9946899414062,37.3851318359375,46.28955078125,0.5313705,-1,-1,-1
69,1,1796.341552734375,554.373046875,47.439453125,45.669921875,0.46807238,-1,-1,-1
70,1,1792.2806396484375,554.0526123046875,48.470947265625,46.61846923828125,0.41774336,-1,-1,-1
71,1,1788.9588623046875,555.0189819335938,53.9249267578125,44.486083984375,0.5149306,-1,-1,-1
72,1,1787.315673828125,556.6624145507812,58.3037109375,41.18310546875,0.38619575,-1,-1,-1
73,1,1786.448974609375,555.1964721679688,69.5203857421875,44.1331787109375,0.5437123,-1,-1,-1
74,1,1777.4539794921875,557.2925415039062,76.1324462890625,41.40966796875,0.6982321,-1,-1,-1
75,1,1780.979736328125,560.1399536132812,77.788330078125,40.6785888671875,0.64438766,-1,-1,-1
76,1,1779.8873291015625,561.5603637695312,80.5848388671875,40.27557373046875,0.64514625,-1,-1,-1
77,1,1780.761962890625,563.1251220703125,80.3768310546875,40.24755859375,0.54843944,-1,-1,-1
78,1,1781.218017578125,563.5667724609375,81.5450439453125,40.05328369140625,0.5097685,-1,-1,-1
79,1,1782.31591796875,563.737548828125,80.0367431640625,43.387451171875,0.47887892,-1,-1,-1
80,1,1785.2298583984375,562.98779296875,77.912353515625,45.9554443359375,0.5140308,-1,-1,-1
81,1,1791.39453125,564.7589111328125,75.1136474609375,45.0926513671875,0.5380768,-1,-1,-1
82,1,1792.0206298828125,565.3292846679688,76.4873046875,45.400390625,0.6985248,-1,-1,-1
83,1,1793.733154296875,566.8353271484375,77.0567626953125,46.70330810546875,0.67546886,-1,-1,-1
84,1,1794.0623779296875,567.960205078125,77.7353515625,46.58343505859375,0.5777698,-1,-1,-1
85,1,1803.1400146484375,569.4034423828125,69.2408447265625,45.67864990234375,0.5183796,-1,-1,-1
86,1,1805.7752685546875,570.7538452148438,66.9090576171875,46.97344970703125,0.72159433,-1,-1,-1
87,1,1808.90380859375,569.9595947265625,63.0736083984375,49.10992431640625,0.69986194,-1,-1,-1
88,1,1811.986083984375,569.9634399414062,66.1292724609375,48.07110595703125,0.49166664,-1,-1,-1
89,1,1812.2388916015625,570.216796875,69.1949462890625,48.91241455078125,0.6766505,-1,-1,-1
90,1,1817.6688232421875,568.1525268554688,65.6092529296875,53.569580078125,0.5530223,-1,-1,-1
91,1,1814.220703125,569.0333862304688,69.9329833984375,53.9986572265625,0.70213735,-1,-1,-1
92,1,1810.4686279296875,569.9360961914062,74.354736328125,56.68212890625,0.7342159,-1,-1,-1
93,1,1809.857421875,568.8156127929688,74.9970703125,61.30743408203125,0.63915694,-1,-1,-1
94,1,1809.2239990234375,573.3192749023438,77.412109375,60.9942626953125,0.68012357,-1,-1,-1
95,1,1810.4564208984375,578.5797729492188,76.87255859375,58.2564697265625,0.68011534,-1,-1,-1
96,1,1819.281982421875,578.9895629882812,71.4185791015625,58.65472412109375,0.61133903,-1,-1,-1
97,1,1823.6572265625,579.3500366210938,69.500244140625,64.9910888671875,0.570312,-1,-1,-1
98,1,1833.88232421875,588.2119140625,62.018798828125,56.58984375,0.6680597,-1,-1,-1
99,1,1835.85498046875,589.0682983398438,62.123046875,56.155517578125,0.46363717,-1,-1,-1
100,1,1840.23779296875,591.8228149414062,60.2376708984375,55.51885986328125,0.41100848,-1,-1,-1
101,1,1841.07275390625,592.7463989257812,60.8004150390625,56.779052734375,0.6719809,-1,-1,-1
102,1,1840.652587890625,597.6915893554688,62.7318115234375,53.29248046875,0.6590125,-1,-1,-1
103,1,1842.4691162109375,603.8280639648438,62.486572265625,49.38958740234375,0.6044065,-1,-1,-1
104,1,1842.3326416015625,605.9740600585938,63.42626953125,48.34625244140625,0.6553499,-1,-1,-1
105,1,1842.01708984375,606.8749389648438,66.921875,47.737548828125,0.53820956,-1,-1,-1
106,1,1846.4049072265625,605.41748046875,64.2166748046875,50.99493408203125,0.52435225,-1,-1,-1
107,1,1843.2974853515625,610.2073974609375,63.472412109375,47.16229248046875,0.44046488,-1,-1,-1
108,1,1844.3521728515625,612.5454711914062,61.4195556640625,47.3414306640625,0.4893443,-1,-1,-1
109,1,1851.28173828125,615.0109252929688,56.659423828125,43.12786865234375,0.5386076,-1,-1,-1
110,1,1853.5849609375,614.8347778320312,53.3753662109375,44.791748046875,0.58917356,-1,-1,-1
111,1,1857.210205078125,619.62158203125,48.077880859375,40.8758544921875,0.57589024,-1,-1,-1
112,1,1865.2757568359375,621.55224609375,44.583984375,38.6328125,0.45420182,-1,-1,-1
113,1,1867.8759765625,626.024658203125,42.1756591796875,38.927001953125,0.44877753,-1,-1,-1
114,1,1871.9732666015625,626.3781127929688,37.88671875,38.98565673828125,0.47570217,-1,-1,-1
115,1,1872.96484375,627.4706420898438,47.3875732421875,39.83087158203125,0.4911532,-1,-1,-1
116,1,1868.9019775390625,627.4418334960938,45.0404052734375,40.36700439453125,0.5919248,-1,-1,-1
117,1,1865.0687255859375,628.684326171875,50.260498046875,40.2532958984375,0.6458465,-1,-1,-1
118,1,1861.964599609375,629.720458984375,54.1673583984375,42.37493896484375,0.5166188,-1,-1,-1
119,1,1861.672119140625,631.13232421875,55.412353515625,43.30535888671875,0.5107261,-1,-1,-1
120,1,1860.2266845703125,634.1854858398438,54.2598876953125,40.002197265625,0.5255694,-1,-1,-1
121,1,1857.5777587890625,637.5697631835938,58.5318603515625,38.5048828125,0.43637946,-1,-1,-1
122,1,1856.5018310546875,636.75830078125,61.12939453125,39.17584228515625,0.4359715,-1,-1,-1
123,1,1851.9927978515625,635.646728515625,64.4449462890625,41.191650390625,0.42132452,-1,-1,-1
124,1,1850.7919921875,637.497802734375,64.7509765625,39.8477783203125,0.5044055,-1,-1,-1
125,1,1848.8232421875,638.17724609375,67.9189453125,40.36529541015625,0.5126477,-1,-1,-1
126,1,1849.0096435546875,641.2030639648438,65.4813232421875,40.65667724609375,0.4612322,-1,-1,-1
127,1,1847.9290771484375,641.9463500976562,62.7216796875,39.846435546875,0.49397284,-1,-1,-1
128,1,1845.04541015625,642.769287109375,60.2054443359375,41.208251953125,0.62265,-1,-1,-1
129,1,1843.562744140625,642.5513305664062,63.315673828125,40.78173828125,0.60725164,-1,-1,-1
130,1,1840.29296875,644.3956909179688,63.942626953125,41.86883544921875,0.7299873,-1,-1,-1
131,1,1839.8111572265625,644.8900146484375,62.5975341796875,43.1968994140625,0.6595221,-1,-1,-1
132,1,1839.084716796875,644.045654296875,64.7703857421875,45.406494140625,0.6143982,-1,-1,-1
133,1,1838.1207275390625,643.878662109375,53.4161376953125,42.58636474609375,0.726399,-1,-1,-1
134,1,1837.8392333984375,642.8783569335938,53.3604736328125,43.5849609375,0.71793115,-1,-1,-1
135,1,1836.9090576171875,645.3040771484375,52.789794921875,42.33612060546875,0.68878436,-1,-1,-1
136,1,1837.298828125,643.6520385742188,51.5050048828125,44.18890380859375,0.68883824,-1,-1,-1
137,1,1834.947265625,643.9698486328125,55.2579345703125,46.70953369140625,0.6058274,-1,-1,-1
138,1,1824.3726806640625,646.5755004882812,61.6240234375,46.489013671875,0.56481296,-1,-1,-1
139,1,1814.1619873046875,648.30908203125,66.5865478515625,43.7396240234375,0.61252034,-1,-1,-1
140,1,1811.6258544921875,649.938232421875,66.8980712890625,43.99127197265625,0.6178599,-1,-1,-1
141,1,1807.2998046875,651.4647216796875,69.2423095703125,41.9326171875,0.5254239,-1,-1,-1
142,1,1801.77734375,654.6271362304688,77.1031494140625,37.25909423828125,0.6109414,-1,-1,-1
143,1,1797.486328125,654.4261474609375,82.1265869140625,39.8055419921875,0.59237903,-1,-1,-1
144,1,1791.79736328125,655.0057983398438,80.0335693359375,39.84130859375,0.5352857,-1,-1,-1
145,1,1786.458740234375,654.0018920898438,75.6644287109375,35.59271240234375,0.4505736,-1,-1,-1
146,1,1782.2225341796875,655.5844116210938,81.578857421875,35.4107666015625,0.48104274,-1,-1,-1
147,1,1776.5343017578125,656.4832153320312,79.2264404296875,34.39593505859375,0.360204,-1,-1,-1
148,1,1773.5433349609375,656.644287109375,75.7227783203125,38.3287353515625,0.3350626,-1,-1,-1
149,1,1770.873779296875,659.6505126953125,73.8883056640625,37.78399658203125,0.30834144,-1,-1,-1
150,1,1766.062255859375,659.7825927734375,66.14453125,38.1656494140625,0.4507048,-1,-1,-1
151,1,1762.835693359375,660.52392578125,66.9444580078125,36.99530029296875,0.5116831,-1,-1,-1
152,1,1761.74365234375,661.3040161132812,63.925537109375,40.339111328125,0.4332702,-1,-1,-1
153,1,1757.284912109375,662.3941040039062,64.5784912109375,38.01556396484375,0.63427925,-1,-1,-1
154,1,1752.92431640625,662.0187377929688,70.05029296875,37.59136962890625,0.5771398,-1,-1,-1
155,1,1747.16357421875,661.90185546875,70.733642578125,40.78875732421875,0.47799578,-1,-1,-1
156,1,1746.1068115234375,661.3375854492188,72.489990234375,40.89794921875,0.45343876,-1,-1,-1
157,1,1743.0172119140625,662.57373046875,74.2979736328125,39.931396484375,0.45162076,-1,-1,-1
158,1,1740.7171630859375,661.9400634765625,72.616455078125,43.84051513671875,0.37408882,-1,-1,-1
159,1,1735.998046875,663.2247924804688,75.4866943359375,42.27069091796875,0.3206829,-1,-1,-1
160,1,1732.98193359375,663.2314453125,77.9169921875,42.398681640625,0.4486644,-1,-1,-1
161,1,1732.015625,663.7999267578125,75.75732421875,41.65997314453125,0.398776,-1,-1,-1
162,1,1727.492919921875,667.5687866210938,76.55615234375,39.65203857421875,0.2863331,-1,-1,-1
163,1,1726.5142822265625,668.16650390625,77.3697509765625,39.13525390625,0.4417634,-1,-1,-1
164,1,1723.087890625,667.4638061523438,79.767822265625,42.3470458984375,0.5404502,-1,-1,-1
165,1,1722.59033203125,667.4678344726562,77.72021484375,43.18084716796875,0.54756695,-1,-1,-1
166,1,1718.045166015625,669.8187866210938,76.224853515625,40.398681640625,0.39422166,-1,-1,-1
167,1,1717.2354736328125,669.22412109375,76.0303955078125,42.60052490234375,0.45889652,-1,-1,-1
168,1,1715.68017578125,669.9122924804688,74.718017578125,42.879638671875,0.47667918,-1,-1,-1
169,1,1711.38134765625,673.7714233398438,73.644775390625,42.7913818359375,0.29638714,-1,-1,-1
170,1,1708.0364990234375,670.6386108398438,78.751220703125,44.6820068359375,0.3632752,-1,-1,-1
171,1,1708.7635498046875,673.0286865234375,75.142822265625,43.96697998046875,0.45595,-1,-1,-1
172,1,1707.9986572265625,673.2252197265625,73.1761474609375,43.626220703125,0.46382135,-1,-1,-1
173,1,1709.6268310546875,669.690185546875,73.3309326171875,46.83660888671875,0.43550235,-1,-1,-1
174,1,1711.8929443359375,673.5391235351562,69.52294921875,44.180419921875,0.5475157,-1,-1,-1
175,1,1706.8388671875,677.7135620117188,64.6221923828125,41.09844970703125,0.6627629,-1,-1,-1
176,1,1701.9105224609375,678.2325439453125,59.416259765625,40.3565673828125,0.56795555,-1,-1,-1
177,1,1698.5472412109375,679.9916381835938,58.5791015625,41.0811767578125,0.5696055,-1,-1,-1
178,1,1694.06396484375,682.3939819335938,54.3726806640625,38.84124755859375,0.46155748,-1,-1,-1
179,1,1693.029296875,685.8047485351562,51.080322265625,36.40411376953125,0.37825286,-1,-1,-1
180,1,1687.83154296875,687.358154296875,53.912841796875,35.800048828125,0.38022012,-1,-1,-1
181,1,1686.07958984375,686.48046875,56.609375,39.56781005859375,0.35920322,-1,-1,-1
182,1,1683.5015869140625,686.1187133789062,58.1868896484375,41.4395751953125,0.4914869,-1,-1,-1
183,1,1682.7659912109375,687.6448364257812,57.406982421875,43.00421142578125,0.50718784,-1,-1,-1
184,1,1680.0418701171875,690.83154296875,50.895751953125,42.85443115234375,0.43383318,-1,-1,-1
185,1,1678.3297119140625,692.1334838867188,49.810791015625,42.406005859375,0.6248134,-1,-1,-1
186,1,1677.55029296875,691.5997924804688,47.3319091796875,43.2215576171875,0.5062617,-1,-1,-1
187,1,1674.9644775390625,694.0320434570312,44.218017578125,42.34173583984375,0.5478573,-1,-1,-1
188,1,1673.302734375,695.03564453125,45.0450439453125,42.24737548828125,0.58457047,-1,-1,-1
189,1,1672.19091796875,695.8146362304688,45.72998046875,42.81365966796875,0.63292164,-1,-1,-1
190,1,1670.5826416015625,696.8587036132812,44.2178955078125,42.31817626953125,0.45308012,-1,-1,-1
191,1,1665.1990966796875,696.6187744140625,46.7974853515625,42.8583984375,0.46478176,-1,-1,-1
192,1,1666.485595703125,701.3585205078125,42.4547119140625,39.05902099609375,0.5266497,-1,-1,-1
193,1,1666.27685546875,701.9080810546875,42.465576171875,38.45355224609375,0.5727846,-1,-1,-1
194,1,1666.653076171875,701.364501953125,41.5029296875,41.3468017578125,0.62990516,-1,-1,-1
195,1,1662.9998779296875,703.7394409179688,44.2335205078125,42.14337158203125,0.6302453,-1,-1,-1
196,1,1662.5177001953125,704.0422973632812,42.746337890625,43.0052490234375,0.4934704,-1,-1,-1
197,1,1660.8360595703125,703.3814086914062,46.1951904296875,45.528076171875,0.46512008,-1,-1,-1
198,1,1663.0146484375,702.3795166015625,45.065673828125,49.3792724609375,0.452496,-1,-1,-1
199,1,1663.4122314453125,703.900390625,45.0677490234375,50.54779052734375,0.53384095,-1,-1,-1
200,1,1664.1873779296875,705.1229248046875,33.466064453125,54.17181396484375,0.5260924,-1,-1,-1
201,1,1664.215576171875,704.072509765625,31.422119140625,61.39990234375,0.5264652,-1,-1,-1
202,1,1661.1905517578125,714.653564453125,31.5445556640625,56.27032470703125,0.6113743,-1,-1,-1
203,1,1664.5347900390625,711.193115234375,27.5743408203125,64.12060546875,0.5425008,-1,-1,-1
204,1,1663.1531982421875,704.9168701171875,31.37158203125,75.97064208984375,0.5567766,-1,-1,-1
205,1,1667.1092529296875,715.698486328125,25.1116943359375,69.8946533203125,0.59220535,-1,-1,-1
206,1,1667.5484619140625,719.7724609375,26.7855224609375,71.25091552734375,0.42280942,-1,-1,-1
207,1,1668.0570068359375,722.867431640625,32.339599609375,74.63421630859375,0.3558671,-1,-1,-1
208,1,1665.9864501953125,726.63330078125,29.115966796875,73.05657958984375,0.24362166,-1,-1,-1
209,1,1670.37939453125,731.6786499023438,27.539306640625,71.68646240234375,0.45145392,-1,-1,-1
210,1,1669.4822998046875,736.6006469726562,28.9669189453125,70.8095703125,0.32945225,-1,-1,-1
211,1,1666.9676513671875,741.4085693359375,28.11962890625,69.508056640625,0.4092858,-1,-1,-1
212,1,1668.37744140625,742.0478515625,31.0989990234375,71.08465576171875,0.28639466,-1,-1,-1
213,1,1667.5831298828125,744.5712890625,32.66015625,71.822021484375,0.31440654,-1,-1,-1
214,1,1664.5234375,749.0455932617188,33.0804443359375,71.12469482421875,0.47147268,-1,-1,-1
215,1,1666.861572265625,753.9297485351562,33.947509765625,70.392822265625,0.38106805,-1,-1,-1
216,1,1667.3819580078125,761.8645629882812,38.1170654296875,65.0052490234375,0.55395645,-1,-1,-1
217,1,1666.8841552734375,762.1428833007812,45.4522705078125,73.4461669921875,0.5760845,-1,-1,-1
218,1,1661.62744140625,762.8800659179688,53.666259765625,78.984375,0.6510961,-1,-1,-1
219,1,1659.6865234375,775.941162109375,57.6256103515625,76.44281005859375,0.66900015,-1,-1,-1
220,1,1657.153076171875,768.5470581054688,59.2347412109375,92.9361572265625,0.6841609,-1,-1,-1
221,1,1657.8131103515625,772.3353271484375,60.14013671875,100.732177734375,0.56608254,-1,-1,-1
222,1,1663.094970703125,778.907958984375,61.8465576171875,103.108642578125,0.34117842,-1,-1,-1
223,1,1676.5955810546875,784.98828125,51.0181884765625,107.58477783203125,0.37742245,-1,-1,-1
224,1,1682.79052734375,794.6477661132812,46.3875732421875,105.549072265625,0.38551426,-1,-1,-1
225,1,1684.3209228515625,795.0062866210938,50.2069091796875,114.22991943359375,0.4667191,-1,-1,-1
226,1,1683.7486572265625,804.8065795898438,53.2999267578125,110.47509765625,0.6072015,-1,-1,-1
227,1,1682.5950927734375,814.7171020507812,57.4879150390625,106.51953125,0.637714,-1,-1,-1
228,1,1681.3541259765625,817.55126953125,62.973388671875,110.60498046875,0.63463426,-1,-1,-1
229,1,1682.215087890625,827.6129150390625,64.4716796875,107.5938720703125,0.569315,-1,-1,-1
230,1,1685.8658447265625,833.6875610351562,63.604248046875,107.86663818359375,0.38485375,-1,-1,-1
231,1,1688.5845947265625,839.0198364257812,62.02880859375,108.3736572265625,0.5677592,-1,-1,-1
232,1,1691.6981201171875,837.4688720703125,60.7725830078125,116.05389404296875,0.48846614,-1,-1,-1
233,1,1694.9024658203125,852.8607177734375,62.5347900390625,107.63946533203125,0.40536004,-1,-1,-1
234,1,1696.6654052734375,857.2373657226562,62.5474853515625,107.5814208984375,0.6895694,-1,-1,-1
235,1,1698.5911865234375,866.5808715820312,61.6397705078125,103.19476318359375,0.68037266,-1,-1,-1
236,1,1700.841064453125,878.595458984375,60.4984130859375,97.06817626953125,0.6036633,-1,-1,-1
237,1,1707.7025146484375,883.404541015625,56.851318359375,97.40472412109375,0.51778126,-1,-1,-1
238,1,1708.551513671875,885.5105590820312,57.20947265625,100.4058837890625,0.6244354,-1,-1,-1
239,1,1711.0970458984375,889.909912109375,56.6151123046875,101.20758056640625,0.52053535,-1,-1,-1
240,1,1711.3553466796875,895.4005737304688,57.7484130859375,100.51983642578125,0.4364583,-1,-1,-1
241,1,1714.780517578125,900.754638671875,57.562255859375,99.1358642578125,0.49808523,-1,-1,-1
242,1,1717.380126953125,906.1472778320312,52.0711669921875,97.47491455078125,0.58476126,-1,-1,-1
243,1,1714.5638427734375,927.5149536132812,50.6656494140625,81.7698974609375,0.59898657,-1,-1,-1
244,1,1711.87353515625,926.9550170898438,55.4053955078125,89.47637939453125,0.48191512,-1,-1,-1
245,1,1727.6593017578125,933.4139404296875,40.9005126953125,93.72802734375,0.57504916,-1,-1,-1
246,1,1735.7608642578125,926.458984375,37.1600341796875,115.7578125,0.6274843,-1,-1,-1
247,1,1735.7471923828125,930.3092651367188,40.4781494140625,123.58917236328125,0.51583844,-1,-1,-1
248,1,1734.708984375,949.7036743164062,43.304443359375,112.65948486328125,0.44030073,-1,-1,-1
249,1,1732.1654052734375,947.1655883789062,48.430419921875,125.82757568359375,0.6374017,-1,-1,-1
250,1,1730.414306640625,950.4970092773438,51.677734375,132.24969482421875,0.45532355,-1,-1,-1
251,1,1731.56982421875,961.6893920898438,50.7357177734375,129.61260986328125,0.43257177,-1,-1,-1
252,1,1736.1221923828125,967.47412109375,49.2073974609375,132.3460693359375,0.24596192,-1,-1,-1
253,1,1743.00732421875,981.4197998046875,42.2958984375,127.25927734375,0.5655952,-1,-1,-1
254,1,1743.822021484375,986.4554443359375,43.196044921875,130.1143798828125,0.50019085,-1,-1,-1
255,1,1744.496337890625,994.8380126953125,42.6700439453125,130.1685791015625,0.45849466,-1,-1,-1
256,1,1746.4752197265625,1000.834716796875,44.587158203125,133.0968017578125,0.32797238,-1,-1,-1
257,1,1747.274658203125,1011.2123413085938,44.135498046875,129.28387451171875,0.44949815,-1,-1,-1
258,1,1746.225830078125,1017.5232543945312,46.46484375,128.76788330078125,0.44345367,-1,-1,-1
259,1,1747.286865234375,1024.5435180664062,46.1573486328125,129.39849853515625,0.5181946,-1,-1,-1
260,1,1748.50927734375,1030.33544921875,46.2327880859375,129.68408203125,0.48856056,-1,-1,-1
261,1,1749.6646728515625,1038.557861328125,45.1317138671875,128.37255859375,0.40694967,-1,-1,-1
262,1,1749.3790283203125,1044.257568359375,46.94384765625,129.873046875,0.3420012,-1,-1,-1
263,1,1751.1324462890625,1047.2977294921875,45.417724609375,132.857421875,0.35972676,-1,-1,-1
264,1,1750.8441162109375,1051.0325927734375,46.84326171875,135.3428955078125,0.29731467,-1,-1,-1
265,1,1749.232421875,1056.0604248046875,49.640625,135.620849609375,0.28283793,-1,-1,-1
266,1,1748.3482666015625,1057.7205810546875,51.880615234375,139.9656982421875,0.36671928,-1,-1,-1
267,1,1747.47119140625,1069.1380615234375,54.5157470703125,133.658203125,0.29961032,-1,-1,-1
268,1,1749.5814208984375,1070.8968505859375,54.5968017578125,138.2364501953125,0.36586824,-1,-1,-1
269,1,1751.080322265625,1081.0831298828125,54.2811279296875,133.177001953125,0.5036747,-1,-1,-1
270,1,1751.21875,1085.649169921875,55.5428466796875,133.213134765625,0.4932789,-1,-1,-1
271,1,1749.5382080078125,1092.43798828125,57.9874267578125,130.6812744140625,0.4962779,-1,-1,-1
272,1,1750.1929931640625,1099.1026611328125,57.2587890625,128.3848876953125,0.5797504,-1,-1,-1
273,1,1749.3902587890625,1104.5716552734375,59.392578125,128.3206787109375,0.5026981,-1,-1,-1
274,1,1749.3704833984375,1110.1033935546875,61.3238525390625,126.7783203125,0.58575654,-1,-1,-1
275,1,1750.4847412109375,1115.75244140625,60.5703125,124.58740234375,0.6157193,-1,-1,-1
276,1,1750.982666015625,1121.4466552734375,60.7615966796875,123.697509765625,0.492976,-1,-1,-1
277,1,1751.6395263671875,1128.509765625,60.976318359375,121.8448486328125,0.56927246,-1,-1,-1
278,1,1749.927734375,1131.1036376953125,63.2545166015625,121.74951171875,0.47681934,-1,-1,-1
279,1,1751.9290771484375,1134.826904296875,61.65673828125,120.9964599609375,0.5420043,-1,-1,-1
280,1,1750.327392578125,1141.4354248046875,64.9266357421875,118.1300048828125,0.403088,-1,-1,-1
281,1,1753.46484375,1144.8170166015625,65.20556640625,117.3323974609375,0.56912863,-1,-1,-1
282,1,1758.092041015625,1149.8006591796875,64.489501953125,116.16943359375,0.5662453,-1,-1,-1
283,1,1765.163330078125,1156.2537841796875,64.5284423828125,114.0479736328125,0.73948854,-1,-1,-1
284,1,1759.3519287109375,1164.15576171875,74.478515625,110.9288330078125,0.7060545,-1,-1,-1
285,1,1759.290771484375,1167.9783935546875,76.7398681640625,113.1943359375,0.71067685,-1,-1,-1
286,1,1756.55224609375,1170.352294921875,81.68310546875,116.1046142578125,0.7433633,-1,-1,-1
287,1,1752.3271484375,1175.3031005859375,88.7523193359375,117.036865234375,0.65678287,-1,-1,-1
288,1,1752.985107421875,1187.1566162109375,89.0555419921875,109.4661865234375,0.68936056,-1,-1,-1
289,1,1755.279296875,1194.8848876953125,87.76513671875,105.096923828125,0.67901605,-1,-1,-1
290,1,1759.375,1201.780517578125,86.7818603515625,102.8548583984375,0.50387913,-1,-1,-1
291,1,1766.3011474609375,1204.0177001953125,78.753662109375,104.2176513671875,0.70039624,-1,-1,-1
292,1,1768.6864013671875,1207.1986083984375,76.10546875,104.6265869140625,0.5262573,-1,-1,-1
293,1,1774.52099609375,1215.9986572265625,73.403564453125,101.73046875,0.61237746,-1,-1,-1
294,1,1775.95654296875,1220.66845703125,72.0147705078125,100.34130859375,0.45435455,-1,-1,-1
295,1,1779.0980224609375,1219.824462890625,64.7757568359375,107.314697265625,0.52302366,-1,-1,-1
296,1,1787.4996337890625,1226.3514404296875,56.380126953125,105.322998046875,0.48335963,-1,-1,-1
297,1,1792.9051513671875,1225.5831298828125,53.405029296875,110.761474609375,0.5168316,-1,-1,-1
298,1,1792.7412109375,1227.181396484375,55.1383056640625,112.8804931640625,0.6064115,-1,-1,-1
299,1,1798.92041015625,1226.5208740234375,49.00244140625,116.982421875,0.4729976,-1,-1,-1
300,1,1799.3984375,1226.4398193359375,50.0281982421875,122.68603515625,0.52393204,-1,-1,-1
301,1,1802.7769775390625,1235.229736328125,42.0936279296875,120.0186767578125,0.33727786,-1,-1,-1
302,1,1804.541015625,1234.69677734375,38.8695068359375,123.1337890625,0.3431539,-1,-1,-1
303,1,1802.5089111328125,1245.8409423828125,42.485107421875,116.05224609375,0.24974938,-1,-1,-1
304,1,1801.648193359375,1246.579345703125,44.935791015625,119.095703125,0.4214809,-1,-1,-1
305,1,1806.8250732421875,1251.22119140625,42.6715087890625,122.0302734375,0.30830452,-1,-1,-1
306,1,1798.0699462890625,1259.4578857421875,50.387939453125,114.056884765625,0.6567327,-1,-1,-1
307,1,1796.3992919921875,1264.51416015625,54.4927978515625,105.9085693359375,0.53902066,-1,-1,-1
308,1,1799.0947265625,1266.97802734375,50.54296875,101.212158203125,0.48249766,-1,-1,-1
309,1,1799.07861328125,1265.457763671875,49.55419921875,101.4578857421875,0.60770625,-1,-1,-1
310,1,1801.1275634765625,1266.0133056640625,44.4906005859375,100.257080078125,0.6319286,-1,-1,-1
311,1,1801.6326904296875,1265.5162353515625,45.985595703125,100.8865966796875,0.5728939,-1,-1,-1
312,1,1802.357177734375,1276.6539306640625,42.344970703125,88.746337890625,0.46249738,-1,-1,-1
313,1,1801.90576171875,1285.8909912109375,52.1851806640625,76.478271484375,0.59293914,-1,-1,-1
314,1,1797.3006591796875,1271.0091552734375,65.514892578125,87.1656494140625,0.62615895,-1,-1,-1
315,1,1792.4661865234375,1273.5968017578125,78.4732666015625,85.197021484375,0.627828,-1,-1,-1
316,1,1789.6165771484375,1282.873291015625,88.23583984375,75.69384765625,0.33061725,-1,-1,-1
317,1,1788.529052734375,1287.5390625,95.6165771484375,69.1036376953125,0.42573485,-1,-1,-1
318,1,1786.2274169921875,1288.44921875,102.912841796875,66.15380859375,0.40808555,-1,-1,-1
319,1,1784.4945068359375,1291.5528564453125,110.4415283203125,61.4300537109375,0.3861165,-1,-1,-1
320,1,1782.5997314453125,1294.8389892578125,117.1026611328125,56.703857421875,0.44320396,-1,-1,-1
321,1,1777.9136962890625,1295.5135498046875,125.9090576171875,56.11962890625,0.43345878,-1,-1,-1
322,1,1779.3992919921875,1297.28515625,130.14453125,55.0772705078125,0.25735316,-1,-1,-1
323,1,1778.79443359375,1298.767822265625,134.2071533203125,53.1070556640625,0.32855418,-1,-1,-1
324,1,1784.8807373046875,1301.9947509765625,130.91357421875,49.5625,0.20675366,-1,-1,-1
325,1,1788.9144287109375,1301.6402587890625,132.19775390625,49.3233642578125,0.38077122,-1,-1,-1
326,1,1792.2216796875,1302.097412109375,132.36181640625,49.403076171875,0.26076508,-1,-1,-1
327,1,1799.31494140625,1301.9853515625,129.8975830078125,48.425537109375,0.3110066,-1,-1,-1
328,1,1799.8050537109375,1301.4869384765625,133.1749267578125,49.5513916015625,0.25011566,-1,-1,-1
329,1,1806.9686279296875,1301.56640625,129.7542724609375,50.41943359375,0.34427944,-1,-1,-1
330,1,1811.76611328125,1302.1732177734375,127.6422119140625,48.7109375,0.29481155,-1,-1,-1
331,1,1813.68408203125,1301.0155029296875,129.739013671875,51.140869140625,0.23364975,-1,-1,-1
332,1,1813.30517578125,1301.4710693359375,133.5809326171875,50.2236328125,0.31079963,-1,-1,-1
333,1,1818.0758056640625,1300.7991943359375,131.71240234375,52.190673828125,0.3188603,-1,-1,-1
334,1,1818.4434814453125,1300.7801513671875,132.76123046875,52.5347900390625,0.24052961,-1,-1,-1
335,1,1824.0167236328125,1301.0142822265625,130.01611328125,51.556396484375,0.2961949,-1,-1,-1
336,1,1824.5811767578125,1300.998779296875,133.1292724609375,52.139892578125,0.28594327,-1,-1,-1
337,1,1825.547607421875,1301.7772216796875,134.4266357421875,54.5020751953125,0.19998989,-1,-1,-1
338,1,1828.3291015625,1301.9654541015625,135.1058349609375,53.687744140625,0.18910404,-1,-1,-1
339,1,1832.468017578125,1299.7047119140625,133.5897216796875,55.1212158203125,0.2550154,-1,-1,-1
340,1,1831.3272705078125,1301.31787109375,137.7838134765625,55.962890625,0.26692992,-1,-1,-1
341,1,1831.4237060546875,1300.665283203125,138.74365234375,56.9554443359375,0.22766455,-1,-1,-1
342,1,1835.2828369140625,1301.5516357421875,136.6837158203125,56.924560546875,0.26807535,-1,-1,-1
343,1,1840.172119140625,1300.8363037109375,135.5338134765625,57.251220703125,0.4357601,-1,-1,-1
344,1,1840.1634521484375,1301.4381103515625,137.818115234375,57.0057373046875,0.34166867,-1,-1,-1
345,1,1841.1175537109375,1300.88720703125,137.611572265625,58.1243896484375,0.28894597,-1,-1,-1
346,1,1845.38037109375,1300.15673828125,136.923828125,58.4127197265625,0.36360383,-1,-1,-1
347,1,1844.9124755859375,1300.3873291015625,139.3238525390625,58.9364013671875,0.4303885,-1,-1,-1
348,1,1845.8720703125,1300.8411865234375,137.2900390625,60.41845703125,0.48772332,-1,-1,-1
349,1,1855.28369140625,1297.4901123046875,119.7314453125,66.05712890625,0.5948092,-1,-1,-1
350,1,1858.326171875,1295.79150390625,113.803466796875,66.2940673828125,0.53480285,-1,-1,-1
351,1,1866.6766357421875,1294.572265625,99.935302734375,63.284423828125,0.49314898,-1,-1,-1
352,1,1888.8638916015625,1293.738037109375,81.7398681640625,64.2034912109375,0.48849535,-1,-1,-1
353,1,1904.3792724609375,1294.293701171875,67.7667236328125,65.85693359375,0.45981583,-1,-1,-1
354,1,1919.27880859375,1297.9805908203125,55.1729736328125,62.9383544921875,0.56957805,-1,-1,-1
355,1,1921.763671875,1290.884033203125,55.2178955078125,71.81494140625,0.4759485,-1,-1,-1
356,1,1923.67431640625,1296.2930908203125,54.6356201171875,68.15380859375,0.5069297,-1,-1,-1
357,1,1928.4149169921875,1304.8406982421875,52.3433837890625,61.1064453125,0.4306561,-1,-1,-1
358,1,1922.836181640625,1302.178466796875,57.3082275390625,65.305908203125,0.3496782,-1,-1,-1
359,1,1921.413818359375,1301.9775390625,60.5865478515625,66.7747802734375,0.27893043,-1,-1,-1
360,1,1923.682861328125,1304.754638671875,60.8253173828125,65.6109619140625,0.34743938,-1,-1,-1
361,1,1924.3311767578125,1307.408203125,61.179443359375,63.4005126953125,0.4819582,-1,-1,-1
362,1,1925.6307373046875,1307.3193359375,57.1214599609375,60.6708984375,0.26290905,-1,-1,-1
363,1,1926.0286865234375,1308.4813232421875,56.677001953125,59.080078125,0.3911524,-1,-1,-1
364,1,1918.439697265625,1305.449462890625,64.0118408203125,63.60302734375,0.4759965,-1,-1,-1
365,1,1917.325927734375,1302.9749755859375,66.3809814453125,65.2305908203125,0.57582724,-1,-1,-1
366,1,1925.6021728515625,1310.832763671875,60.0185546875,54.1365966796875,0.6039472,-1,-1,-1
367,1,1923.2291259765625,1309.5316162109375,62.949951171875,57.48486328125,0.49406663,-1,-1,-1
368,1,1917.6123046875,1308.7877197265625,65.23291015625,57.6513671875,0.49363428,-1,-1,-1
369,1,1904.4332275390625,1304.3333740234375,75.14892578125,61.6212158203125,0.6430987,-1,-1,-1
370,1,1894.0123291015625,1300.2130126953125,89.7783203125,65.96533203125,0.688103,-1,-1,-1
371,1,1886.8026123046875,1296.171630859375,101.5753173828125,71.6580810546875,0.59547323,-1,-1,-1
372,1,1877.590576171875,1298.583251953125,114.86279296875,67.016357421875,0.48120257,-1,-1,-1
373,1,1872.460693359375,1301.7989501953125,124.22607421875,59.61767578125,0.4038606,-1,-1,-1
374,1,1865.7523193359375,1299.908447265625,133.98828125,58.3714599609375,0.3052258,-1,-1,-1
375,1,1858.8162841796875,1297.67822265625,141.8851318359375,58.1162109375,0.3010003,-1,-1,-1
376,1,1853.3331298828125,1296.5447998046875,151.3642578125,56.1456298828125,0.3095045,-1,-1,-1
377,1,1846.3302001953125,1295.4725341796875,161.2742919921875,54.3153076171875,0.26876467,-1,-1,-1
378,1,1843.083740234375,1294.6917724609375,164.8404541015625,53.7392578125,0.31270042,-1,-1,-1
379,1,1838.54443359375,1293.5050048828125,169.1787109375,53.91162109375,0.22493269,-1,-1,-1
380,1,1833.2843017578125,1290.6746826171875,170.546630859375,53.4390869140625,0.19270724,-1,-1,-1
381,1,1829.8997802734375,1289.9185791015625,169.20556640625,52.5721435546875,0.36099526,-1,-1,-1
382,1,1825.0572509765625,1289.0660400390625,169.6138916015625,52.720703125,0.28623635,-1,-1,-1
383,1,1820.8770751953125,1288.013916015625,165.750732421875,53.9244384765625,0.23303041,-1,-1,-1
384,1,1815.783935546875,1287.1541748046875,164.7313232421875,51.7335205078125,0.3143562,-1,-1,-1
385,1,1811.2852783203125,1286.8968505859375,163.3458251953125,51.1021728515625,0.18894348,-1,-1,-1
386,1,1807.9647216796875,1285.7550048828125,163.779541015625,52.6812744140625,0.26158327,-1,-1,-1
387,1,1803.28173828125,1282.9527587890625,161.31689453125,54.4102783203125,0.29134887,-1,-1,-1
388,1,1796.5831298828125,1280.6104736328125,164.9085693359375,56.370361328125,0.36195442,-1,-1,-1
389,1,1792.236328125,1279.5611572265625,158.6708984375,56.677490234375,0.40933493,-1,-1,-1
390,1,1786.80029296875,1275.498291015625,156.5771484375,60.32373046875,0.4843235,-1,-1,-1
391,1,1783.176513671875,1274.4300537109375,151.63037109375,60.8668212890625,0.44451016,-1,-1,-1
392,1,1779.7138671875,1274.66943359375,153.060302734375,60.958740234375,0.519094,-1,-1,-1
393,1,1776.8179931640625,1275.2098388671875,153.5543212890625,59.7796630859375,0.39701205,-1,-1,-1
394,1,1772.6278076171875,1275.90380859375,156.7681884765625,58.3177490234375,0.31961927,-1,-1,-1
395,1,1768.8079833984375,1275.9593505859375,161.702392578125,55.83984375,0.28760487,-1,-1,-1
396,1,1765.3974609375,1275.2593994140625,165.5130615234375,56.9659423828125,0.32395113,-1,-1,-1
397,1,1756.8369140625,1262.9600830078125,166.3851318359375,69.1639404296875,0.6190004,-1,-1,-1
398,1,1751.96240234375,1262.778076171875,160.8973388671875,70.62939453125,0.55557466,-1,-1,-1
399,1,1748.45263671875,1258.0364990234375,147.210693359375,79.6995849609375,0.6802693,-1,-1,-1
400,1,1742.9093017578125,1259.93603515625,145.73193359375,82.465576171875,0.60917604,-1,-1,-1
401,1,1735.99267578125,1257.27001953125,150.1097412109375,85.0234375,0.647498,-1,-1,-1
402,1,1724.1627197265625,1253.7410888671875,164.9931640625,83.2830810546875,0.5306562,-1,-1,-1
403,1,1714.637451171875,1246.1580810546875,176.91845703125,92.1593017578125,0.47911894,-1,-1,-1
404,1,1705.2308349609375,1242.669921875,185.769775390625,97.2293701171875,0.46843413,-1,-1,-1
405,1,1695.6536865234375,1238.896728515625,188.92578125,97.8443603515625,0.45236003,-1,-1,-1
406,1,1686.4256591796875,1234.4342041015625,188.0062255859375,98.7000732421875,0.39875922,-1,-1,-1
407,1,1679.488525390625,1231.605712890625,185.76220703125,97.2747802734375,0.5002736,-1,-1,-1
408,1,1671.17431640625,1228.9627685546875,188.9090576171875,99.2967529296875,0.3699356,-1,-1,-1
409,1,1662.4561767578125,1223.1644287109375,187.2442626953125,98.259033203125,0.600519,-1,-1,-1
410,1,1655.0986328125,1221.7432861328125,186.6070556640625,97.0924072265625,0.4098741,-1,-1,-1
411,1,1649.71044921875,1217.79248046875,188.7347412109375,95.7982177734375,0.5475406,-1,-1,-1
412,1,1643.263671875,1215.1319580078125,188.4776611328125,97.4906005859375,0.58499277,-1,-1,-1
413,1,1635.847900390625,1212.47607421875,188.360107421875,97.9395751953125,0.40286407,-1,-1,-1
414,1,1631.4656982421875,1208.689697265625,182.3707275390625,95.3582763671875,0.5933203,-1,-1,-1
415,1,1625.1690673828125,1206.72314453125,184.84423828125,96.1104736328125,0.47785088,-1,-1,-1
416,1,1617.6134033203125,1202.4599609375,186.1905517578125,97.02001953125,0.48421764,-1,-1,-1
417,1,1614.686767578125,1201.79345703125,181.9669189453125,94.695068359375,0.5776119,-1,-1,-1
418,1,1609.121337890625,1199.92626953125,183.666015625,94.830810546875,0.54133934,-1,-1,-1
419,1,1602.933837890625,1197.672607421875,184.368408203125,96.9755859375,0.6203962,-1,-1,-1
420,1,1598.6663818359375,1193.9998779296875,180.4915771484375,96.837158203125,0.4473885,-1,-1,-1
421,1,1593.9134521484375,1193.0445556640625,179.7081298828125,95.9320068359375,0.5191292,-1,-1,-1
422,1,1587.1309814453125,1191.601806640625,181.916015625,95.7396240234375,0.7024849,-1,-1,-1
423,1,1581.888427734375,1189.3948974609375,179.9976806640625,95.1646728515625,0.57715654,-1,-1,-1
424,1,1577.6748046875,1188.7918701171875,181.978759765625,94.6883544921875,0.4416284,-1,-1,-1
425,1,1573.7265625,1185.2479248046875,179.820068359375,94.453369140625,0.52051157,-1,-1,-1
426,1,1570.4979248046875,1184.5999755859375,176.8291015625,94.53173828125,0.5542445,-1,-1,-1
427,1,1566.8759765625,1182.1173095703125,175.7366943359375,96.015625,0.6320516,-1,-1,-1
428,1,1563.1524658203125,1180.3614501953125,177.642578125,96.057861328125,0.5645791,-1,-1,-1
429,1,1558.6146240234375,1177.9609375,176.27587890625,100.9613037109375,0.5446242,-1,-1,-1
430,1,1554.314697265625,1175.994384765625,176.4476318359375,98.8753662109375,0.49379477,-1,-1,-1
431,1,1550.0814208984375,1174.5772705078125,176.9295654296875,98.428466796875,0.58572614,-1,-1,-1
432,1,1547.5196533203125,1174.1202392578125,175.5357666015625,98.865234375,0.6789511,-1,-1,-1
433,1,1543.35791015625,1171.663818359375,173.2620849609375,98.8060302734375,0.6491501,-1,-1,-1
434,1,1539.3980712890625,1170.38671875,174.4459228515625,99.9241943359375,0.65209836,-1,-1,-1
435,1,1537.6917724609375,1169.960205078125,169.4744873046875,99.1226806640625,0.4568474,-1,-1,-1
436,1,1534.563232421875,1168.0250244140625,171.51904296875,97.86962890625,0.5570521,-1,-1,-1
437,1,1527.9801025390625,1169.28857421875,169.09228515625,95.1279296875,0.5581976,-1,-1,-1
438,1,1523.64697265625,1170.51025390625,157.1602783203125,93.2679443359375,0.626484,-1,-1,-1
439,1,1524.8238525390625,1168.0418701171875,136.5877685546875,91.2626953125,0.7503733,-1,-1,-1
440,1,1521.388427734375,1158.2783203125,123.719482421875,92.4990234375,0.7678944,-1,-1,-1
441,1,1513.3514404296875,1155.044677734375,128.787109375,71.7552490234375,0.800799,-1,-1,-1
442,1,1506.9156494140625,1155.19140625,135.7803955078125,68.968994140625,0.69569254,-1,-1,-1
443,1,1496.90771484375,1153.8125,139.90869140625,73.8304443359375,0.72779375,-1,-1,-1
444,1,1487.524169921875,1152.326416015625,133.971435546875,79.265625,0.62710685,-1,-1,-1
445,1,1479.4310302734375,1152.7978515625,133.760986328125,83.45703125,0.5726739,-1,-1,-1
446,1,1471.1143798828125,1153.140869140625,132.45849609375,86.113037109375,0.6740118,-1,-1,-1
447,1,1463.1058349609375,1154.8504638671875,126.096435546875,88.181640625,0.774741,-1,-1,-1
448,1,1455.4241943359375,1157.59326171875,129.0860595703125,89.132568359375,0.6320257,-1,-1,-1
449,1,1448.8885498046875,1156.7730712890625,134.2259521484375,93.6900634765625,0.74224204,-1,-1,-1
450,1,1442.919189453125,1158.825927734375,136.1380615234375,94.4296875,0.8038365,-1,-1,-1
451,1,1438.283203125,1160.2532958984375,138.4705810546875,96.01171875,0.74575144,-1,-1,-1
452,1,1434.5582275390625,1158.5052490234375,137.8612060546875,100.200439453125,0.7661813,-1,-1,-1
453,1,1431.916259765625,1161.7354736328125,138.055419921875,98.43701171875,0.7825913,-1,-1,-1
454,1,1429.3951416015625,1161.7401123046875,139.57275390625,100.5589599609375,0.80317086,-1,-1,-1
455,1,1424.5306396484375,1159.9095458984375,142.7337646484375,104.0084228515625,0.77136725,-1,-1,-1
456,1,1422.6397705078125,1165.8662109375,140.28466796875,99.5030517578125,0.82862645,-1,-1,-1
457,1,1417.45849609375,1167.3397216796875,138.8641357421875,99.6922607421875,0.7448914,-1,-1,-1
458,1,1414.6512451171875,1167.0838623046875,138.106689453125,100.2694091796875,0.75950223,-1,-1,-1
459,1,1411.2205810546875,1170.1988525390625,132.5242919921875,97.7613525390625,0.72390616,-1,-1,-1
460,1,1407.9510498046875,1170.8077392578125,134.989501953125,96.379638671875,0.67632097,-1,-1,-1
461,1,1400.205322265625,1170.3555908203125,136.01171875,99.0438232421875,0.7722257,-1,-1,-1
462,1,1391.5855712890625,1170.6812744140625,132.4012451171875,99.6297607421875,0.702004,-1,-1,-1
463,1,1382.9942626953125,1174.371337890625,124.37109375,93.21533203125,0.63258576,-1,-1,-1
464,1,1377.9122314453125,1174.8958740234375,129.6634521484375,92.83447265625,0.73099476,-1,-1,-1
465,1,1370.1800537109375,1188.980712890625,138.3438720703125,78.394775390625,0.58747125,-1,-1,-1
466,1,1361.6328125,1194.3243408203125,157.5413818359375,77.92236328125,0.62380725,-1,-1,-1
467,1,1352.64892578125,1193.863037109375,167.181640625,74.6788330078125,0.55960464,-1,-1,-1
468,1,1346.0596923828125,1191.1019287109375,176.5631103515625,75.9803466796875,0.5481737,-1,-1,-1
469,1,1337.2989501953125,1187.2509765625,188.534912109375,83.812255859375,0.4714312,-1,-1,-1
470,1,1328.9205322265625,1184.372314453125,191.8468017578125,86.6607666015625,0.3170863,-1,-1,-1
471,1,1320.291259765625,1182.143310546875,195.7576904296875,84.225830078125,0.35275936,-1,-1,-1
472,1,1314.190673828125,1180.2603759765625,191.4775390625,79.2159423828125,0.3260606,-1,-1,-1
473,1,1307.4947509765625,1176.5972900390625,195.4097900390625,78.5836181640625,0.26513544,-1,-1,-1
474,1,1302.0462646484375,1174.876953125,191.771240234375,75.3629150390625,0.4211202,-1,-1,-1
475,1,1295.6341552734375,1173.7088623046875,192.674072265625,73.84619140625,0.2979902,-1,-1,-1
476,1,1287.147705078125,1170.37646484375,196.373291015625,73.616943359375,0.3458847,-1,-1,-1
477,1,1284.172119140625,1169.14892578125,191.019287109375,71.8590087890625,0.34315753,-1,-1,-1
478,1,1278.4501953125,1167.8763427734375,191.4727783203125,70.04150390625,0.38095066,-1,-1,-1
479,1,1271.616455078125,1166.13134765625,193.357666015625,72.3642578125,0.28309122,-1,-1,-1
480,1,1267.689453125,1163.9830322265625,190.6143798828125,70.4063720703125,0.31171566,-1,-1,-1
481,1,1260.473876953125,1161.6566162109375,193.917236328125,69.0997314453125,0.4372418,-1,-1,-1
482,1,1254.18310546875,1160.6356201171875,194.9072265625,69.538330078125,0.32372218,-1,-1,-1
483,1,1251.3397216796875,1159.117919921875,190.9365234375,70.6397705078125,0.33998266,-1,-1,-1
484,1,1245.36376953125,1157.3719482421875,192.6475830078125,68.67529296875,0.3004596,-1,-1,-1
485,1,1241.291015625,1156.5059814453125,192.4481201171875,69.265625,0.2885489,-1,-1,-1
486,1,1235.5286865234375,1155.69677734375,191.03955078125,68.5118408203125,0.46315056,-1,-1,-1
487,1,1233.881591796875,1155.038330078125,190.2508544921875,66.973388671875,0.33750132,-1,-1,-1
488,1,1227.4326171875,1153.681396484375,193.09716796875,66.7652587890625,0.37764367,-1,-1,-1
489,1,1222.9022216796875,1152.881103515625,190.5775146484375,66.717529296875,0.24888337,-1,-1,-1
490,1,1220.4222412109375,1151.911376953125,189.16650390625,66.79638671875,0.30035737,-1,-1,-1
491,1,1217.883056640625,1151.8668212890625,188.55322265625,66.4339599609375,0.18858826,-1,-1,-1
492,1,1211.701416015625,1150.2662353515625,190.7740478515625,65.3775634765625,0.30956265,-1,-1,-1
493,1,1208.1732177734375,1149.0618896484375,192.6405029296875,66.0418701171875,0.2685093,-1,-1,-1
494,1,1203.993896484375,1148.3065185546875,191.542236328125,67.1148681640625,0.29745635,-1,-1,-1
495,1,1201.02783203125,1147.4739990234375,189.6419677734375,66.51708984375,0.34696734,-1,-1,-1
496,1,1196.4312744140625,1146.6090087890625,191.4122314453125,65.211181640625,0.32357603,-1,-1,-1
497,1,1192.61865234375,1145.516357421875,192.1456298828125,67.0328369140625,0.4064463,-1,-1,-1
498,1,1189.2998046875,1145.479248046875,190.0999755859375,65.61279296875,0.30785352,-1,-1,-1
499,1,1191.2625732421875,1142.955810546875,174.6239013671875,69.83056640625,0.46058658,-1,-1,-1
500,1,1196.8370361328125,1138.9979248046875,155.775146484375,70.66357421875,0.6327422,-1,-1,-1
501,1,1204.671142578125,1135.1561279296875,125.8203125,62.572509765625,0.4628646,-1,-1,-1
502,1,1207.8797607421875,1129.0546875,108.81298828125,65.3074951171875,0.6096622,-1,-1,-1
503,1,1208.171142578125,1123.150634765625,96.0673828125,69.5035400390625,0.50296926,-1,-1,-1
504,1,1207.789794921875,1123.017822265625,83.06103515625,65.5479736328125,0.4944701,-1,-1,-1
505,1,1203.5904541015625,1123.962158203125,85.3857421875,65.5831298828125,0.5384949,-1,-1,-1
506,1,1201.77880859375,1122.8189697265625,92.927734375,66.2755126953125,0.59659046,-1,-1,-1
507,1,1199.484130859375,1121.2789306640625,99.868408203125,65.6888427734375,0.5816923,-1,-1,-1
508,1,1199.237548828125,1120.1993408203125,108.9918212890625,64.6512451171875,0.49048352,-1,-1,-1
509,1,1203.2255859375,1107.4254150390625,115.6632080078125,80.8631591796875,0.5359192,-1,-1,-1
510,1,1200.129150390625,1109.4014892578125,125.081787109375,80.68017578125,0.571687,-1,-1,-1
511,1,1194.43896484375,1116.691650390625,139.1490478515625,70.9053955078125,0.6545463,-1,-1,-1
512,1,1185.66259765625,1115.333740234375,159.0233154296875,72.6739501953125,0.4825714,-1,-1,-1
513,1,1182.525634765625,1110.2318115234375,175.173095703125,78.6915283203125,0.43856633,-1,-1,-1
514,1,1181.145751953125,1105.485107421875,187.935546875,81.797119140625,0.561224,-1,-1,-1
515,1,1192.6405029296875,1099.328125,187.8724365234375,81.9508056640625,0.4822752,-1,-1,-1
516,1,1208.51806640625,1094.818359375,181.8214111328125,83.9886474609375,0.7042391,-1,-1,-1
517,1,1221.6046142578125,1088.5106201171875,180.1962890625,82.7156982421875,0.5435764,-1,-1,-1
518,1,1231.059326171875,1083.8250732421875,179.9732666015625,90.349853515625,0.6750645,-1,-1,-1
519,1,1233.603759765625,1078.9732666015625,185.0308837890625,98.560546875,0.5939912,-1,-1,-1
520,1,1248.308349609375,1072.1611328125,181.93408203125,101.9853515625,0.74284536,-1,-1,-1
521,1,1261.923583984375,1064.55322265625,177.6328125,107.1419677734375,0.6184704,-1,-1,-1
522,1,1276.5540771484375,1051.4588623046875,177.33349609375,107.072998046875,0.798515,-1,-1,-1
523,1,1296.3697509765625,1040.458984375,169.8836669921875,105.368896484375,0.7141086,-1,-1,-1
524,1,1313.855224609375,1028.8084716796875,168.8690185546875,114.483154296875,0.7811029,-1,-1,-1
525,1,1322.098388671875,1018.7056274414062,172.3404541015625,126.19171142578125,0.74559325,-1,-1,-1
526,1,1335.0474853515625,1008.6271362304688,175.9442138671875,130.16265869140625,0.6984238,-1,-1,-1
527,1,1351.65869140625,1000.6285400390625,174.90673828125,126.7471923828125,0.77521545,-1,-1,-1
528,1,1366.1444091796875,992.19091796875,172.190185546875,126.51708984375,0.76199836,-1,-1,-1
529,1,1377.14697265625,985.0648803710938,174.1259765625,121.61029052734375,0.71851736,-1,-1,-1
530,1,1382.8272705078125,977.013916015625,182.084228515625,121.0955810546875,0.7814468,-1,-1,-1
531,1,1391.5777587890625,972.0008544921875,183.0457763671875,113.2877197265625,0.76068985,-1,-1,-1
532,1,1401.7025146484375,965.1438598632812,184.37744140625,111.91473388671875,0.6720186,-1,-1,-1
533,1,1420.9859619140625,959.3145141601562,177.79833984375,109.33599853515625,0.6974345,-1,-1,-1
534,1,1439.309326171875,955.4996337890625,168.6409912109375,100.270263671875,0.6409031,-1,-1,-1
535,1,1446.162353515625,950.414794921875,171.403076171875,94.228515625,0.54763836,-1,-1,-1
536,1,1452.942138671875,947.405517578125,174.7171630859375,92.146484375,0.70064324,-1,-1,-1
537,1,1465.3065185546875,943.4199829101562,169.973876953125,83.87921142578125,0.7584587,-1,-1,-1
538,1,1473.692138671875,937.5599365234375,171.8291015625,86.3968505859375,0.5984128,-1,-1,-1
539,1,1478.0596923828125,934.0731811523438,176.4100341796875,85.89739990234375,0.7058767,-1,-1,-1
540,1,1485.4305419921875,929.2506103515625,177.702880859375,84.5404052734375,0.6215553,-1,-1,-1
541,1,1488.8671875,926.2495727539062,181.657958984375,85.50567626953125,0.60097206,-1,-1,-1
542,1,1492.3284912109375,921.7802734375,185.41748046875,84.0040283203125,0.5622348,-1,-1,-1
543,1,1504.80859375,920.3211669921875,180.013671875,80.2347412109375,0.7108437,-1,-1,-1
544,1,1509.4515380859375,917.503662109375,183.6400146484375,79.36212158203125,0.5185205,-1,-1,-1
545,1,1518.481201171875,913.6557006835938,183.1929931640625,78.73748779296875,0.7352639,-1,-1,-1
546,1,1526.5677490234375,911.2608032226562,180.6182861328125,77.09716796875,0.5862843,-1,-1,-1
547,1,1535.625732421875,908.90576171875,177.972900390625,74.52545166015625,0.4941285,-1,-1,-1
548,1,1536.610595703125,906.7359008789062,184.3607177734375,76.14251708984375,0.6614213,-1,-1,-1
549,1,1545.6397705078125,903.9572143554688,182.773681640625,74.072021484375,0.6484517,-1,-1,-1
550,1,1552.153076171875,901.3836059570312,183.3143310546875,73.90032958984375,0.5828958,-1,-1,-1
551,1,1553.200927734375,898.7360229492188,188.4263916015625,76.81842041015625,0.5609007,-1,-1,-1
552,1,1563.0062255859375,897.5977783203125,183.0216064453125,72.20660400390625,0.6348462,-1,-1,-1
553,1,1568.0516357421875,894.6265258789062,184.7197265625,71.65142822265625,0.38006583,-1,-1,-1
554,1,1570.3526611328125,894.2740478515625,187.3262939453125,70.70245361328125,0.4156709,-1,-1,-1
555,1,1575.5966796875,892.8250732421875,187.96142578125,70.2362060546875,0.6505856,-1,-1,-1
556,1,1583.2918701171875,890.9072265625,186.6343994140625,72.59112548828125,0.6804941,-1,-1,-1
557,1,1585.0751953125,889.2723388671875,190.92333984375,71.88916015625,0.6296712,-1,-1,-1
558,1,1599.8001708984375,887.84228515625,179.3641357421875,73.36138916015625,0.51127124,-1,-1,-1
559,1,1612.643310546875,883.7311401367188,169.3271484375,74.5228271484375,0.5898238,-1,-1,-1
560,1,1631.742431640625,878.6680297851562,149.066650390625,75.37823486328125,0.71592087,-1,-1,-1
561,1,1646.421142578125,872.2574462890625,136.4415283203125,76.16571044921875,0.82349503,-1,-1,-1
562,1,1646.4998779296875,862.45166015625,147.2593994140625,88.3494873046875,0.66983026,-1,-1,-1
563,1,1650.7742919921875,851.732666015625,156.792236328125,99.65386962890625,0.809122,-1,-1,-1
564,1,1668.04248046875,846.0661010742188,150.7149658203125,94.7301025390625,0.792702,-1,-1,-1
565,1,1679.3414306640625,838.2650756835938,149.957763671875,91.7921142578125,0.8185087,-1,-1,-1
566,1,1682.303955078125,829.201171875,157.664306640625,94.89691162109375,0.76500785,-1,-1,-1
567,1,1694.6927490234375,819.3399658203125,158.8399658203125,97.18609619140625,0.7704948,-1,-1,-1
568,1,1698.6170654296875,808.3240966796875,164.1015625,105.3653564453125,0.7783564,-1,-1,-1
569,1,1707.4024658203125,802.4526977539062,163.598876953125,107.28338623046875,0.7183841,-1,-1,-1
570,1,1726.6976318359375,796.645751953125,151.1280517578125,112.35400390625,0.76870954,-1,-1,-1
571,1,1735.4803466796875,789.4349365234375,145.835205078125,106.162109375,0.8290815,-1,-1,-1
572,1,1740.4244384765625,784.3385620117188,142.40673828125,99.02569580078125,0.8835048,-1,-1,-1
573,1,1741.7574462890625,778.3297119140625,145.100830078125,97.7149658203125,0.8263439,-1,-1,-1
574,1,1740.8134765625,773.9844970703125,150.580322265625,100.17767333984375,0.7936537,-1,-1,-1
575,1,1740.5347900390625,767.2762451171875,157.9866943359375,105.99603271484375,0.6322731,-1,-1,-1
576,1,1747.832763671875,764.5598754882812,157.9317626953125,107.13818359375,0.7352138,-1,-1,-1
577,1,1749.920166015625,759.0202026367188,163.3115234375,104.54156494140625,0.7017538,-1,-1,-1
578,1,1756.0321044921875,755.79541015625,163.8101806640625,101.1368408203125,0.7861477,-1,-1,-1
579,1,1765.7283935546875,751.0660400390625,161.669921875,97.87054443359375,0.88275623,-1,-1,-1
580,1,1774.8946533203125,748.457275390625,157.917236328125,91.04632568359375,0.85369503,-1,-1,-1
581,1,1777.01904296875,744.9806518554688,161.2960205078125,89.61187744140625,0.82386106,-1,-1,-1
582,1,1787.2320556640625,741.7965087890625,155.765869140625,82.00347900390625,0.8469184,-1,-1,-1
583,1,1793.5767822265625,737.3319702148438,155.3380126953125,80.8677978515625,0.71494037,-1,-1,-1
584,1,1797.1519775390625,735.1547241210938,157.0523681640625,79.1572265625,0.7644413,-1,-1,-1
585,1,1804.968505859375,733.5869140625,154.9326171875,75.53289794921875,0.6108656,-1,-1,-1
586,1,1808.6527099609375,728.4664916992188,156.521728515625,77.65264892578125,0.7143915,-1,-1,-1
587,1,1810.7431640625,725.4286499023438,158.941650390625,77.66357421875,0.72724056,-1,-1,-1
588,1,1819.8297119140625,722.0938110351562,155.6217041015625,77.07861328125,0.7107525,-1,-1,-1
589,1,1821.1864013671875,719.9367065429688,157.9521484375,77.41424560546875,0.70007896,-1,-1,-1
590,1,1830.1680908203125,716.9129028320312,152.743896484375,78.025390625,0.7556516,-1,-1,-1
591,1,1833.57763671875,716.0689697265625,151.6109619140625,76.98681640625,0.59779215,-1,-1,-1
592,1,1837.1077880859375,712.0565795898438,153.387451171875,79.9183349609375,0.76201993,-1,-1,-1
593,1,1840.2313232421875,710.5845336914062,154.935546875,80.29742431640625,0.7165092,-1,-1,-1
594,1,1847.215087890625,708.6082153320312,151.115478515625,79.81427001953125,0.82165045,-1,-1,-1
595,1,1850.7646484375,707.197509765625,150.7337646484375,78.02618408203125,0.64959574,-1,-1,-1
596,1,1856.61669921875,705.3713989257812,149.8636474609375,81.933349609375,0.71737874,-1,-1,-1
597,1,1856.7529296875,703.751953125,152.79345703125,84.5989990234375,0.6520117,-1,-1,-1
598,1,1862.707763671875,702.331298828125,150.879150390625,80.8790283203125,0.78854936,-1,-1,-1
599,1,1863.15478515625,700.3088989257812,153.5458984375,82.4029541015625,0.8372657,-1,-1,-1
600,1,1866.3695068359375,699.2785034179688,153.147216796875,85.20562744140625,0.76667374,-1,-1,-1
601,1,1874.28271484375,698.84228515625,148.962646484375,77.94647216796875,0.67869985,-1,-1,-1
602,1,1876.1151123046875,695.8232421875,149.3314208984375,79.72235107421875,0.6711867,-1,-1,-1
603,1,1886.91162109375,694.7344970703125,136.7979736328125,79.331298828125,0.8460492,-1,-1,-1
604,1,1885.2122802734375,693.0639038085938,127.076416015625,80.2646484375,0.8417506,-1,-1,-1
605,1,1893.9658203125,691.2203369140625,121.484619140625,77.19842529296875,0.6011838,-1,-1,-1
606,1,1921.07763671875,689.1085205078125,88.6885986328125,75.4578857421875,0.6440748,-1,-1,-1
607,1,1953.982177734375,687.9994506835938,54.719482421875,73.3468017578125,0.7278963,-1,-1,-1
608,1,1958.8126220703125,684.2655029296875,53.0355224609375,74.60894775390625,0.5755014,-1,-1,-1
609,1,1961.3868408203125,680.5640258789062,54.318359375,68.22698974609375,0.6377047,-1,-1,-1
610,1,1959.11865234375,676.7425537109375,44.8875732421875,61.15380859375,0.7111123,-1,-1,-1
611,1,1951.923583984375,671.9434204101562,49.448486328125,59.12042236328125,0.47826183,-1,-1,-1
612,1,1948.1590576171875,668.91552734375,54.00537109375,58.78741455078125,0.6764233,-1,-1,-1
613,1,1944.5672607421875,666.0827026367188,58.9083251953125,59.155517578125,0.53930515,-1,-1,-1
614,1,1940.3167724609375,663.5658569335938,67.465576171875,57.10552978515625,0.57603174,-1,-1,-1
615,1,1937.615234375,662.662109375,73.2669677734375,57.47052001953125,0.5848486,-1,-1,-1
616,1,1935.940185546875,660.141357421875,75.8604736328125,58.841796875,0.4959812,-1,-1,-1
617,1,1932.1461181640625,658.8062744140625,81.346923828125,57.22845458984375,0.41605374,-1,-1,-1
618,1,1927.4722900390625,655.37744140625,79.751708984375,58.63250732421875,0.40214193,-1,-1,-1
619,1,1925.927490234375,653.4220581054688,75.4525146484375,54.1109619140625,0.4828285,-1,-1,-1
620,1,1921.45751953125,650.8897705078125,77.5263671875,55.63641357421875,0.3951582,-1,-1,-1
621,1,1920.0841064453125,648.3677978515625,75.7977294921875,55.59259033203125,0.48733294,-1,-1,-1
622,1,1918.3548583984375,647.7947998046875,74.3489990234375,54.75213623046875,0.5533787,-1,-1,-1
623,1,1916.397705078125,646.1244506835938,69.9573974609375,54.93182373046875,0.53383476,-1,-1,-1
624,1,1914.573974609375,645.16015625,68.5543212890625,54.108642578125,0.57340455,-1,-1,-1
625,1,1915.08251953125,644.2530517578125,62.6163330078125,52.49078369140625,0.49966702,-1,-1,-1
626,1,1918.2977294921875,642.5623779296875,55.5211181640625,55.65179443359375,0.53591144,-1,-1,-1
627,1,1916.136474609375,642.6304931640625,61.14794921875,57.49658203125,0.5582713,-1,-1,-1
628,1,1914.117919921875,638.7625122070312,57.51708984375,57.5623779296875,0.4786082,-1,-1,-1
629,1,1914.8538818359375,635.1343994140625,37.8138427734375,62.14532470703125,0.67022485,-1,-1,-1
630,1,1912.3175048828125,633.28076171875,40.8291015625,60.7169189453125,0.75909257,-1,-1,-1
631,1,1910.524169921875,631.453125,38.8685302734375,60.91424560546875,0.64656603,-1,-1,-1
632,1,1909.53466796875,629.747802734375,40.4659423828125,59.15631103515625,0.52298903,-1,-1,-1
633,1,1910.5472412109375,628.5938720703125,38.3973388671875,58.8507080078125,0.63736296,-1,-1,-1
634,1,1910.77783203125,625.3307495117188,37.89453125,56.80718994140625,0.6196211,-1,-1,-1
635,1,1909.5965576171875,622.744140625,39.4945068359375,53.83367919921875,0.5788731,-1,-1,-1
636,1,1907.964599609375,621.1997680664062,43.6004638671875,52.48162841796875,0.68565375,-1,-1,-1
637,1,1905.46484375,618.212646484375,49.084716796875,55.2802734375,0.6400293,-1,-1,-1
638,1,1904.26123046875,617.2957153320312,49.2633056640625,55.130615234375,0.41269943,-1,-1,-1
639,1,1902.051513671875,616.1212158203125,49.163330078125,56.9923095703125,0.42875254,-1,-1,-1
640,1,1900.7576904296875,613.162353515625,50.6517333984375,57.82440185546875,0.5618933,-1,-1,-1
641,1,1900.07275390625,612.0782470703125,50.5965576171875,57.134033203125,0.7078775,-1,-1,-1
642,1,1900.233154296875,610.4114379882812,49.1798095703125,56.5582275390625,0.7165764,-1,-1,-1
643,1,1899.0465087890625,609.4017333984375,47.523193359375,54.5755615234375,0.6318911,-1,-1,-1
644,1,1893.7603759765625,606.9526977539062,46.8231201171875,58.8463134765625,0.56028813,-1,-1,-1
645,1,1892.694580078125,603.0935668945312,45.9130859375,59.3067626953125,0.73629266,-1,-1,-1
646,1,1890.9676513671875,599.095947265625,46.14892578125,65.203125,0.7690095,-1,-1,-1
647,1,1891.251220703125,596.3285522460938,42.351318359375,67.96820068359375,0.66505474,-1,-1,-1
648,1,1890.7705078125,594.5803833007812,42.5006103515625,66.51995849609375,0.4827568,-1,-1,-1
649,1,1884.3538818359375,590.2368774414062,50.397216796875,69.738525390625,0.53346026,-1,-1,-1
650,1,1884.5784912109375,587.8272094726562,50.010986328125,71.66571044921875,0.6400627,-1,-1,-1
651,1,1883.33837890625,583.8114013671875,52.2021484375,75.53472900390625,0.66132075,-1,-1,-1
652,1,1881.20556640625,579.1452026367188,54.9053955078125,75.89202880859375,0.5935987,-1,-1,-1
653,1,1880.3399658203125,573.933349609375,55.6932373046875,81.19183349609375,0.7701153,-1,-1,-1
654,1,1878.8116455078125,572.0316772460938,58.6824951171875,83.7100830078125,0.783972,-1,-1,-1
655,1,1882.367919921875,571.7664184570312,60.002685546875,82.05859375,0.67178804,-1,-1,-1
656,1,1882.02685546875,571.909423828125,67.1011962890625,78.673583984375,0.673832,-1,-1,-1
657,1,1880.1256103515625,569.3137817382812,68.3173828125,77.9168701171875,0.68803644,-1,-1,-1
658,1,1877.72021484375,568.6908569335938,56.3912353515625,72.46759033203125,0.7578687,-1,-1,-1
659,1,1874.3023681640625,567.9945068359375,45.06103515625,64.095458984375,0.6220501,-1,-1,-1
660,1,1869.366455078125,566.138671875,46.4708251953125,65.63458251953125,0.5464826,-1,-1,-1
661,1,1867.18408203125,564.2086791992188,50.089599609375,63.17462158203125,0.6383352,-1,-1,-1
662,1,1866.319091796875,563.4862670898438,52.583740234375,64.57342529296875,0.6056024,-1,-1,-1
663,1,1866.1248779296875,563.8856811523438,58.8121337890625,55.74298095703125,0.505989,-1,-1,-1
664,1,1863.8912353515625,564.272705078125,64.1209716796875,54.598876953125,0.55701655,-1,-1,-1
665,1,1861.9149169921875,562.4171142578125,59.98828125,48.2498779296875,0.5754445,-1,-1,-1
666,1,1858.6900634765625,562.7352294921875,57.1751708984375,47.169189453125,0.5060263,-1,-1,-1
667,1,1856.93994140625,560.7379760742188,48.769287109375,49.85479736328125,0.6051299,-1,-1,-1
668,1,1853.46923828125,560.992431640625,50.5059814453125,44.78729248046875,0.3913253,-1,-1,-1
669,1,1849.865234375,560.1170043945312,51.6558837890625,45.1300048828125,0.44402853,-1,-1,-1
670,1,1848.3282470703125,559.3240356445312,54.574951171875,44.9141845703125,0.5438832,-1,-1,-1
671,1,1844.769775390625,558.816650390625,60.519775390625,45.58251953125,0.6443803,-1,-1,-1
672,1,1843.49755859375,560.6370239257812,63.1339111328125,43.25604248046875,0.57046396,-1,-1,-1
673,1,1841.043212890625,557.9985961914062,68.0137939453125,47.42156982421875,0.5489511,-1,-1,-1
674,1,1839.8427734375,557.687255859375,67.35107421875,46.05706787109375,0.66227216,-1,-1,-1
675,1,1837.0472412109375,558.4967041015625,68.2684326171875,45.95806884765625,0.61069477,-1,-1,-1
676,1,1834.940673828125,556.4032592773438,65.1094970703125,49.32122802734375,0.4690847,-1,-1,-1
677,1,1833.8709716796875,558.453369140625,64.81640625,48.66998291015625,0.4812103,-1,-1,-1
678,1,1834.1505126953125,557.7574462890625,62.1407470703125,49.4794921875,0.63027245,-1,-1,-1
679,1,1829.47021484375,561.193359375,58.3531494140625,48.37921142578125,0.43310437,-1,-1,-1
680,1,1826.111083984375,560.6804809570312,55.9786376953125,49.5130615234375,0.5511883,-1,-1,-1
681,1,1822.3135986328125,559.4546508789062,63.7890625,48.06744384765625,0.50700974,-1,-1,-1
682,1,1822.648193359375,559.83642578125,64.9202880859375,46.32672119140625,0.66375303,-1,-1,-1
683,1,1822.63330078125,558.8413696289062,67.1834716796875,47.60638427734375,0.74180233,-1,-1,-1
684,1,1821.2301025390625,559.3599243164062,68.37841796875,46.50439453125,0.71562225,-1,-1,-1
685,1,1814.774658203125,558.3008422851562,66.3580322265625,45.18792724609375,0.7211611,-1,-1,-1
686,1,1810.3702392578125,557.9988403320312,70.4739990234375,46.4139404296875,0.6068038,-1,-1,-1
687,1,1809.4404296875,560.2693481445312,59.7569580078125,41.861328125,0.68763477,-1,-1,-1
688,1,1809.43896484375,559.1953735351562,54.666015625,42.76611328125,0.5366868,-1,-1,-1
689,1,1806.0352783203125,561.4042358398438,53.8004150390625,40.8134765625,0.5247291,-1,-1,-1
690,1,1802.50537109375,562.3092041015625,57.213623046875,40.43505859375,0.610855,-1,-1,-1
691,1,1801.3250732421875,561.1830444335938,57.540283203125,42.03851318359375,0.6547101,-1,-1,-1
692,1,1799.2528076171875,560.5926513671875,58.978515625,43.55389404296875,0.61094254,-1,-1,-1
693,1,1796.6793212890625,560.9776000976562,55.617919921875,42.33856201171875,0.55084556,-1,-1,-1
694,1,1794.9503173828125,562.1304321289062,58.2073974609375,41.0250244140625,0.54949224,-1,-1,-1
695,1,1793.567138671875,561.998046875,60.07080078125,40.6180419921875,0.63559544,-1,-1,-1
696,1,1791.21337890625,562.8923950195312,63.9061279296875,41.1788330078125,0.48703483,-1,-1,-1
697,1,1789.19677734375,560.8742065429688,64.1070556640625,43.91583251953125,0.6427534,-1,-1,-1
698,1,1788.1114501953125,559.9917602539062,64.8370361328125,45.70904541015625,0.6166918,-1,-1,-1
699,1,1787.6658935546875,560.65966796875,65.8795166015625,44.6385498046875,0.57064295,-1,-1,-1
700,1,1785.327392578125,561.0380859375,68.96826171875,43.33868408203125,0.47885495,-1,-1,-1
701,1,1784.1510009765625,562.3790283203125,63.5843505859375,40.56964111328125,0.5054018,-1,-1,-1
702,1,1783.112060546875,561.8655395507812,65.0474853515625,41.38604736328125,0.5353589,-1,-1,-1
703,1,1783.27685546875,560.0548095703125,63.494140625,43.6513671875,0.63217634,-1,-1,-1
704,1,1785.7103271484375,560.8617553710938,57.1944580078125,42.9434814453125,0.61384785,-1,-1,-1
705,1,1785.2401123046875,561.5701293945312,60.736083984375,42.14501953125,0.50086224,-1,-1,-1
706,1,1785.0745849609375,561.2157592773438,42.3765869140625,38.21099853515625,0.60789716,-1,-1,-1
707,1,1781.14111328125,561.1840209960938,42.888671875,39.66119384765625,0.49311686,-1,-1,-1
708,1,1776.0765380859375,562.8472900390625,45.125,36.7081298828125,0.6021399,-1,-1,-1
709,1,1775.228759765625,563.7300415039062,45.1845703125,35.2177734375,0.62121797,-1,-1,-1
710,1,1771.778076171875,562.668212890625,51.03515625,35.33660888671875,0.6306509,-1,-1,-1
711,1,1768.889892578125,563.8170166015625,56.0546875,33.73858642578125,0.59122384,-1,-1,-1
712,1,1767.5465087890625,565.217529296875,59.1522216796875,32.20062255859375,0.54319364,-1,-1,-1
713,1,1764.7708740234375,564.4987182617188,60.94091796875,34.461181640625,0.5691284,-1,-1,-1
714,1,1761.0867919921875,565.5343627929688,56.1717529296875,33.91766357421875,0.5520853,-1,-1,-1
715,1,1759.5357666015625,566.6953125,56.186767578125,31.7294921875,0.5412225,-1,-1,-1
716,1,1759.1734619140625,566.7503662109375,52.8927001953125,33.17279052734375,0.3273679,-1,-1,-1
717,1,1755.9237060546875,566.1814575195312,50.3941650390625,34.0853271484375,0.442843,-1,-1,-1
718,1,1755.8720703125,566.9364624023438,47.528564453125,32.967529296875,0.4416578,-1,-1,-1
719,1,1755.427490234375,567.6889038085938,44.09423828125,35.61822509765625,0.3779359,-1,-1,-1
720,1,1750.9677734375,568.0363159179688,46.0111083984375,35.28875732421875,0.35659948,-1,-1,-1
721,1,1750.2939453125,569.7662963867188,46.3104248046875,33.70458984375,0.51404715,-1,-1,-1
722,1,1748.96142578125,569.64453125,47.13330078125,33.5218505859375,0.56252533,-1,-1,-1
723,1,1747.3106689453125,569.3251953125,47.4879150390625,34.4501953125,0.58592993,-1,-1,-1
724,1,1745.8275146484375,569.1879272460938,46.2694091796875,36.14556884765625,0.53868186,-1,-1,-1
725,1,1744.662353515625,569.3843383789062,47.9788818359375,35.44671630859375,0.460773,-1,-1,-1
726,1,1742.3800048828125,569.303466796875,46.299072265625,35.33782958984375,0.4711441,-1,-1,-1
727,1,1741.4542236328125,570.1187133789062,46.7222900390625,37.42950439453125,0.5240856,-1,-1,-1
728,1,1741.8201904296875,569.2918701171875,45.4859619140625,37.8831787109375,0.5751607,-1,-1,-1
729,1,1737.5257568359375,569.8220825195312,50.0908203125,38.287109375,0.662364,-1,-1,-1
730,1,1738.19287109375,570.2371826171875,49.3365478515625,36.93597412109375,0.6272352,-1,-1,-1
731,1,1734.3026123046875,569.8292236328125,52.8697509765625,39.39801025390625,0.59884804,-1,-1,-1
732,1,1735.748291015625,570.3925170898438,49.9088134765625,37.28314208984375,0.58468133,-1,-1,-1
733,1,1733.734619140625,572.6434936523438,45.509033203125,35.95098876953125,0.48954535,-1,-1,-1
734,1,1734.1002197265625,573.0226440429688,42.8782958984375,35.73468017578125,0.54814845,-1,-1,-1
735,1,1735.061767578125,572.9783935546875,40.296875,35.12890625,0.57465196,-1,-1,-1
736,1,1732.734375,572.9951171875,41.4337158203125,36.0064697265625,0.54848486,-1,-1,-1
737,1,1732.0115966796875,573.6749267578125,41.6734619140625,34.397705078125,0.5497681,-1,-1,-1
738,1,1731.957763671875,573.6550903320312,40.94775390625,34.93060302734375,0.51504695,-1,-1,-1
739,1,1727.642578125,575.8925170898438,39.599609375,36.22698974609375,0.38586393,-1,-1,-1
740,1,1728.0157470703125,571.7040405273438,40.6978759765625,38.95831298828125,0.36879778,-1,-1,-1
741,1,1729.632568359375,574.001220703125,37.626953125,40.02764892578125,0.3638783,-1,-1,-1
742,1,1731.01953125,574.1568603515625,33.510009765625,40.643798828125,0.55955505,-1,-1,-1
743,1,1728.7862548828125,574.080322265625,35.8294677734375,39.8641357421875,0.5151285,-1,-1,-1
744,1,1729.1729736328125,575.4429321289062,34.3209228515625,38.32489013671875,0.61179835,-1,-1,-1
745,1,1728.356201171875,576.9945678710938,34.59619140625,40.81024169921875,0.65748894,-1,-1,-1
746,1,1727.743408203125,575.0186767578125,32.7391357421875,41.21539306640625,0.5886288,-1,-1,-1
747,1,1727.8936767578125,575.8553466796875,31.701416015625,38.74420166015625,0.5856393,-1,-1,-1
748,1,1729.4459228515625,575.702880859375,30.550048828125,38.70574951171875,0.6022574,-1,-1,-1
749,1,1728.2550048828125,575.4517211914062,31.2152099609375,41.58074951171875,0.63377887,-1,-1,-1
750,1,1728.485595703125,576.8822631835938,29.300048828125,39.7197265625,0.51503074,-1,-1,-1
751,1,1724.4200439453125,578.3331298828125,31.2939453125,40.1856689453125,0.4758319,-1,-1,-1
752,1,1723.7171630859375,578.5647583007812,32.091552734375,38.86895751953125,0.5226342,-1,-1,-1
753,1,1724.219482421875,578.8544921875,29.9761962890625,36.728759765625,0.59284395,-1,-1,-1
754,1,1723.3345947265625,578.70849609375,32.3004150390625,40.88262939453125,0.51498824,-1,-1,-1
755,1,1724.02099609375,579.8556518554688,30.7991943359375,39.00244140625,0.48055425,-1,-1,-1
756,1,1718.37158203125,580.1239624023438,37.6744384765625,39.78692626953125,0.52739614,-1,-1,-1
757,1,1710.4017333984375,576.3314208984375,48.9610595703125,38.571044921875,0.55264795,-1,-1,-1
758,1,1704.371337890625,575.3570556640625,60.222412109375,42.63446044921875,0.4544404,-1,-1,-1
759,1,1694.49853515625,574.776611328125,72.3824462890625,41.187255859375,0.6445728,-1,-1,-1
760,1,1688.48828125,574.663818359375,81.9248046875,41.47381591796875,0.6752802,-1,-1,-1
761,1,1680.849365234375,575.951904296875,94.062255859375,41.50677490234375,0.58866423,-1,-1,-1
762,1,1672.3504638671875,574.635009765625,102.70263671875,41.3515625,0.3326646,-1,-1,-1
763,1,1665.37939453125,574.527099609375,111.3575439453125,39.5531005859375,0.28599638,-1,-1,-1
764,1,1656.6251220703125,572.9452514648438,115.7322998046875,35.651123046875,0.20819867,-1,-1,-1
765,1,1649.7301025390625,573.5447998046875,123.5804443359375,34.3680419921875,0.23339655,-1,-1,-1
766,1,1642.410888671875,575.1580810546875,106.267822265625,37.4671630859375,0.27878729,-1,-1,-1
767,1,1633.2738037109375,574.0950317382812,106.74365234375,34.8258056640625,0.28805763,-1,-1,-1
768,1,1626.4361572265625,573.5714111328125,109.8084716796875,35.23504638671875,0.2556325,-1,-1,-1
769,1,1617.0213623046875,573.403076171875,119.47119140625,34.92767333984375,0.17513938,-1,-1,-1
770,1,1611.3876953125,573.0633544921875,113.5548095703125,34.072021484375,0.16808487,-1,-1,-1
771,1,1604.4200439453125,571.5477905273438,112.7376708984375,33.7880859375,0.28103638,-1,-1,-1
772,1,1596.4234619140625,571.2713012695312,113.951416015625,36.13629150390625,0.272116,-1,-1,-1
773,1,1589.7928466796875,573.1690673828125,113.519775390625,32.14080810546875,0.2910999,-1,-1,-1
774,1,1582.0196533203125,570.9312133789062,124.9195556640625,33.7789306640625,0.23451133,-1,-1,-1
775,1,1577.4622802734375,572.6268310546875,117.6114501953125,33.45452880859375,0.30962238,-1,-1,-1
776,1,1570.73583984375,571.4746704101562,115.390869140625,31.6259765625,0.33220303,-1,-1,-1
777,1,1564.1973876953125,571.7433471679688,114.7510986328125,29.49591064453125,0.21824159,-1,-1,-1
778,1,1560.360107421875,570.4895629882812,119.026123046875,32.66754150390625,0.24139804,-1,-1,-1
779,1,1551.220703125,571.4923706054688,116.193603515625,31.68853759765625,0.19026795,-1,-1,-1
780,1,1545.368896484375,570.4851684570312,118.265869140625,32.66510009765625,0.16515186,-1,-1,-1
781,1,1541.683837890625,571.4688720703125,122.497314453125,29.1903076171875,0.15865804,-1,-1,-1
782,1,1536.142578125,571.244384765625,118.4600830078125,29.62603759765625,0.18091513,-1,-1,-1
783,1,1532.38720703125,569.5137329101562,123.3880615234375,33.1580810546875,0.22149707,-1,-1,-1
784,1,1529.8536376953125,570.3617553710938,112.2943115234375,31.36419677734375,0.21775265,-1,-1,-1
785,1,1525.8255615234375,570.3961181640625,117.82080078125,31.2894287109375,0.16570552,-1,-1,-1
786,1,1519.3597412109375,569.4636840820312,100.9169921875,33.42608642578125,0.29798788,-1,-1,-1
787,1,1511.1507568359375,572.1353759765625,98.4678955078125,30.17108154296875,0.38035274,-1,-1,-1
788,1,1501.338623046875,571.3873901367188,104.27294921875,33.0206298828125,0.40304655,-1,-1,-1
789,1,1493.26708984375,571.32177734375,105.501708984375,32.8177490234375,0.33362252,-1,-1,-1
790,1,1485.083251953125,570.952392578125,116.23291015625,31.2208251953125,0.2430815,-1,-1,-1
791,1,1478.885498046875,571.5283813476562,116.959716796875,29.991943359375,0.15996814,-1,-1,-1
792,1,1471.58203125,571.5178833007812,115.49951171875,32.11041259765625,0.18369192,-1,-1,-1
793,1,1462.764404296875,570.9172973632812,116.089111328125,31.51483154296875,0.2078689,-1,-1,-1
794,1,1459.810546875,570.8509521484375,118.861328125,31.72003173828125,0.2578188,-1,-1,-1
795,1,1455.4190673828125,570.7019653320312,124.8172607421875,33.92901611328125,0.26403314,-1,-1,-1
796,1,1447.9444580078125,571.0780639648438,120.3167724609375,32.4520263671875,0.18455647,-1,-1,-1
797,1,1443.6466064453125,571.455810546875,119.7427978515625,31.98480224609375,0.19743022,-1,-1,-1
798,1,1436.93603515625,571.4312744140625,113.855712890625,34.06622314453125,0.29453766,-1,-1,-1
799,1,1431.5416259765625,572.4533081054688,110.260498046875,33.47076416015625,0.2627761,-1,-1,-1
800,1,1427.248291015625,572.0797729492188,115.1434326171875,34.04571533203125,0.27198413,-1,-1,-1
801,1,1422.355712890625,572.092041015625,112.5184326171875,35.17523193359375,0.22803156,-1,-1,-1
802,1,1417.1083984375,571.1890869140625,113.1700439453125,36.1171875,0.21905181,-1,-1,-1
803,1,1411.2596435546875,571.5281372070312,113.2392578125,35.04937744140625,0.26105765,-1,-1,-1
804,1,1407.3421630859375,572.0169677734375,117.6654052734375,36.02825927734375,0.24652614,-1,-1,-1
805,1,1402.6815185546875,572.7994995117188,113.6329345703125,35.1400146484375,0.30086342,-1,-1,-1
806,1,1399.2696533203125,573.6046142578125,114.2637939453125,35.05450439453125,0.20041426,-1,-1,-1
807,1,1393.7685546875,574.3775634765625,115.6112060546875,34.86260986328125,0.23717509,-1,-1,-1
808,1,1390.9306640625,573.858642578125,117.3017578125,35.3214111328125,0.2104169,-1,-1,-1
809,1,1387.0712890625,574.21826171875,111.727294921875,34.80859375,0.24061917,-1,-1,-1
810,1,1382.597900390625,573.0302734375,117.2310791015625,37.288330078125,0.21284145,-1,-1,-1
811,1,1380.2392578125,574.9874267578125,111.8660888671875,38.31195068359375,0.19392717,-1,-1,-1
812,1,1378.4381103515625,574.0142822265625,112.6396484375,34.88470458984375,0.24605238,-1,-1,-1
813,1,1381.228759765625,574.9928588867188,90.7247314453125,39.62652587890625,0.5718967,-1,-1,-1
814,1,1383.8721923828125,574.9194946289062,81.0880126953125,38.6513671875,0.5380927,-1,-1,-1
815,1,1387.981201171875,576.97607421875,70.8502197265625,36.7535400390625,0.4913793,-1,-1,-1
816,1,1388.0872802734375,577.8526611328125,59.6329345703125,39.34368896484375,0.6263714,-1,-1,-1
817,1,1387.833251953125,578.5189208984375,56.4962158203125,36.96795654296875,0.68938243,-1,-1,-1
818,1,1386.65380859375,576.176025390625,55.9156494140625,39.4388427734375,0.6401862,-1,-1,-1
819,1,1387.665771484375,575.6756591796875,53.8695068359375,41.23883056640625,0.67514807,-1,-1,-1
820,1,1386.5433349609375,574.7020263671875,55.3734130859375,41.6522216796875,0.6146729,-1,-1,-1
821,1,1386.617431640625,573.57470703125,43.310302734375,40.494140625,0.6117387,-1,-1,-1
822,1,1385.9329833984375,572.9072265625,45.0035400390625,42.13323974609375,0.6259304,-1,-1,-1
823,1,1383.4591064453125,571.0936889648438,47.1759033203125,40.166259765625,0.6083024,-1,-1,-1
824,1,1383.287109375,570.2404174804688,49.6851806640625,41.85089111328125,0.6093103,-1,-1,-1
825,1,1383.47509765625,568.9092407226562,49.375244140625,43.1920166015625,0.6701688,-1,-1,-1
826,1,1383.208984375,567.1162719726562,49.6300048828125,44.700927734375,0.7140963,-1,-1,-1
827,1,1381.7838134765625,565.4174194335938,51.10791015625,45.92181396484375,0.69642454,-1,-1,-1
828,1,1380.7060546875,563.7853393554688,53.1314697265625,46.47479248046875,0.65259165,-1,-1,-1
829,1,1379.5037841796875,561.9579467773438,57.2711181640625,46.83380126953125,0.4859084,-1,-1,-1
830,1,1375.662353515625,559.8051147460938,63.914794921875,48.11566162109375,0.48251587,-1,-1,-1
831,1,1375.3214111328125,556.5975952148438,65.224609375,51.35589599609375,0.7040748,-1,-1,-1
832,1,1375.0159912109375,557.361328125,67.0579833984375,48.53997802734375,0.68124497,-1,-1,-1
833,1,1375.3011474609375,557.2926025390625,64.1114501953125,47.98760986328125,0.6958264,-1,-1,-1
834,1,1372.5323486328125,557.0824584960938,66.7611083984375,44.86260986328125,0.52980083,-1,-1,-1
835,1,1367.7547607421875,558.3739624023438,68.7845458984375,40.0869140625,0.4757404,-1,-1,-1
836,1,1368.3646240234375,559.391357421875,67.5828857421875,36.44110107421875,0.37806994,-1,-1,-1
837,1,1365.7738037109375,555.0540161132812,69.723388671875,36.8106689453125,0.46900666,-1,-1,-1
838,1,1372.0220947265625,556.5171508789062,67.2503662109375,34.016845703125,0.4808279,-1,-1,-1
839,1,1376.1314697265625,559.1171264648438,61.05029296875,26.693359375,0.39108524,-1,-1,-1
840,1,1378.1826171875,558.9692993164062,57.8406982421875,26.3685302734375,0.42537966,-1,-1,-1
841,1,1394.16162109375,559.5740356445312,43.745361328125,25.53021240234375,0.50648427,-1,-1,-1
842,1,1398.3409423828125,558.6141967773438,38.4659423828125,28.1927490234375,0.47728616,-1,-1,-1
843,1,1398.4266357421875,558.3525390625,38.9130859375,28.8978271484375,0.48979282,-1,-1,-1
844,1,1406.0596923828125,557.4251708984375,34.29736328125,29.82293701171875,0.5680943,-1,-1,-1
845,1,1409.807861328125,555.9447631835938,30.455810546875,29.38421630859375,0.58009446,-1,-1,-1
846,1,1407.4625244140625,556.020751953125,32.6358642578125,30.82562255859375,0.61927557,-1,-1,-1
847,1,1411.6934814453125,555.9854125976562,27.54736328125,28.03753662109375,0.541735,-1,-1,-1
848,1,1411.730224609375,555.208984375,28.8555908203125,29.556396484375,0.5451436,-1,-1,-1
849,1,1411.0946044921875,554.97998046875,29.3143310546875,29.7830810546875,0.55456537,-1,-1,-1
850,1,1410.9608154296875,554.4307250976562,30.6708984375,30.26397705078125,0.4952899,-1,-1,-1
851,1,1410.3909912109375,554.8367309570312,31.064697265625,32.17279052734375,0.5982268,-1,-1,-1
852,1,1412.2100830078125,555.1251220703125,30.0823974609375,32.278564453125,0.5050264,-1,-1,-1
853,1,1409.115966796875,556.4364624023438,31.0185546875,33.60638427734375,0.5473538,-1,-1,-1
854,1,1409.767333984375,556.75927734375,31.4293212890625,34.2340087890625,0.5196852,-1,-1,-1
855,1,1410.8756103515625,556.3762817382812,29.9034423828125,33.59124755859375,0.5657963,-1,-1,-1
856,1,1410.352294921875,556.5316162109375,31.26123046875,32.70928955078125,0.58206725,-1,-1,-1
857,1,1411.0050048828125,555.7965698242188,30.8604736328125,34.10723876953125,0.5851188,-1,-1,-1
858,1,1411.2540283203125,555.7415161132812,30.2376708984375,32.5179443359375,0.6027306,-1,-1,-1
859,1,1411.6668701171875,555.831298828125,29.432373046875,32.5755615234375,0.5969413,-1,-1,-1
860,1,1413.244384765625,555.333251953125,28.7022705078125,33.00445556640625,0.49902463,-1,-1,-1
861,1,1413.2232666015625,555.6290893554688,28.236572265625,33.33673095703125,0.5279831,-1,-1,-1
862,1,1413.1109619140625,554.8384399414062,28.08544921875,35.2335205078125,0.5446402,-1,-1,-1
863,1,1412.3173828125,555.4395141601562,29.74560546875,34.55511474609375,0.5484803,-1,-1,-1
864,1,1413.8115234375,555.359619140625,27.236083984375,34.10931396484375,0.5067763,-1,-1,-1
865,1,1413.66552734375,555.5244750976562,26.8768310546875,35.534423828125,0.5545346,-1,-1,-1
866,1,1413.726318359375,556.0792236328125,26.740478515625,34.67340087890625,0.5396591,-1,-1,-1
867,1,1413.727783203125,555.8560180664062,27.4049072265625,35.248046875,0.5106415,-1,-1,-1
868,1,1414.048828125,556.05908203125,26.4322509765625,34.37322998046875,0.53396493,-1,-1,-1
869,1,1414.3751220703125,556.5880126953125,25.8638916015625,33.8150634765625,0.504375,-1,-1,-1
870,1,1412.5299072265625,556.1630249023438,29.087890625,35.44573974609375,0.5109571,-1,-1,-1
871,1,1411.6854248046875,555.3399658203125,29.3026123046875,36.19390869140625,0.61240757,-1,-1,-1
872,1,1402.535400390625,556.4561157226562,41.141357421875,35.74493408203125,0.53592855,-1,-1,-1
873,1,1402.0921630859375,555.6032104492188,41.66943359375,42.60748291015625,0.46561772,-1,-1,-1
874,1,1399.6087646484375,555.1489868164062,46.480712890625,43.717529296875,0.4650482,-1,-1,-1
875,1,1395.9326171875,553.7532348632812,53.0068359375,41.159423828125,0.5085882,-1,-1,-1
876,1,1390.297607421875,553.1209716796875,57.6873779296875,42.12640380859375,0.48525786,-1,-1,-1
877,1,1389.6087646484375,551.9999389648438,57.1689453125,41.810546875,0.64765954,-1,-1,-1
878,1,1388.5723876953125,553.9872436523438,60.67724609375,40.09515380859375,0.509772,-1,-1,-1
879,1,1386.88623046875,553.1140747070312,63.192626953125,40.2066650390625,0.5950889,-1,-1,-1
880,1,1384.9481201171875,553.628173828125,67.987548828125,41.271728515625,0.48578826,-1,-1,-1
881,1,1383.7972412109375,553.6500244140625,67.958740234375,41.27392578125,0.60800314,-1,-1,-1
882,1,1382.98974609375,553.3497314453125,70.1353759765625,42.50152587890625,0.5343604,-1,-1,-1
883,1,1380.7452392578125,553.126708984375,73.113037109375,44.35894775390625,0.40921375,-1,-1,-1
884,1,1379.828125,552.6994018554688,70.3045654296875,44.55316162109375,0.45113733,-1,-1,-1
885,1,1377.9986572265625,552.5718994140625,64.792724609375,44.398681640625,0.46458,-1,-1,-1
886,1,1376.8687744140625,553.2239379882812,67.22607421875,43.759765625,0.3926293,-1,-1,-1
887,1,1376.26904296875,553.5902099609375,66.3345947265625,42.1746826171875,0.52349097,-1,-1,-1
888,1,1376.643798828125,553.9235229492188,65.003662109375,46.1156005859375,0.42682958,-1,-1,-1
889,1,1372.2039794921875,554.1685791015625,69.560302734375,41.29107666015625,0.542968,-1,-1,-1
890,1,1363.7064208984375,552.6201782226562,67.9862060546875,43.6280517578125,0.47925004,-1,-1,-1
891,1,1355.7845458984375,552.8124389648438,69.9638671875,43.00213623046875,0.60404485,-1,-1,-1
892,1,1344.7855224609375,553.3298950195312,80.6885986328125,42.3079833984375,0.34301144,-1,-1,-1
893,1,1342.034912109375,554.0924682617188,85.3785400390625,40.8538818359375,0.31809065,-1,-1,-1
894,1,1340.1890869140625,555.839111328125,86.94482421875,42.86578369140625,0.2990173,-1,-1,-1
895,1,1330.383544921875,556.2960815429688,104.6734619140625,37.333740234375,0.18569404,-1,-1,-1
896,1,1328.729736328125,557.7357788085938,108.6806640625,39.7220458984375,0.278173,-1,-1,-1
897,1,1322.2957763671875,558.6580810546875,118.4051513671875,39.5430908203125,0.19351678,-1,-1,-1
898,1,1315.1319580078125,559.0589599609375,120.129638671875,37.1142578125,0.21714562,-1,-1,-1
899,1,1312.3587646484375,560.7278442382812,123.6590576171875,33.8292236328125,0.17958091,-1,-1,-1
900,1,1306.5009765625,560.5877685546875,120.2301025390625,34.0172119140625,0.24871926,-1,-1,-1
