1,1,1794.19,553.55,85.30999999999995,36.15000000000009,1,1,1.0
2,1,1790.9,553.82,86.0,35.83999999999992,1,1,1.0
3,1,1787.6,554.09,86.70000000000005,35.52999999999997,1,1,1.0
4,1,1784.31,554.36,87.3900000000001,35.22000000000003,1,1,1.0
5,1,1781.01,554.63,88.08999999999992,34.90999999999997,1,1,1.0
6,1,1777.72,554.9,88.77999999999997,34.60000000000002,1,1,1.0
7,1,1775.61,555.38,89.33000000000015,34.039999999999964,1,1,1.0
8,1,1773.51,555.87,89.87000000000012,33.47000000000003,1,1,1.0
9,1,1771.4,556.36,90.41999999999985,32.89999999999998,1,1,1.0
10,1,1769.29,556.84,90.97000000000003,32.33999999999992,1,1,1.0
11,1,1767.19,557.33,91.50999999999999,31.769999999999982,1,1,1.0
12,1,1765.46,557.55,89.88999999999987,31.410000000000082,1,1,1.0
13,1,1763.73,557.76,88.27999999999997,31.049999999999955,1,1,1.0
14,1,1762.0,557.98,86.66000000000008,30.68999999999994,1,1,1.0
15,1,1760.27,558.19,85.03999999999996,30.329999999999927,1,1,1.0
16,1,1758.54,558.41,83.43000000000006,29.970000000000027,1,1,1.0
17,1,1756.76,558.36,82.28999999999996,31.039999999999964,1,1,1.0
18,1,1754.97,558.3,81.17000000000007,32.129999999999995,1,1,1.0
19,1,1753.18,558.25,80.04999999999995,33.200000000000045,1,1,1.0
20,1,1751.39,558.19,78.91999999999985,34.289999999999964,1,1,1.0
21,1,1749.6,558.14,77.80000000000018,35.360000000000014,1,1,1.0
22,1,1748.09,558.03,76.87000000000012,35.75,1,1,1.0
23,1,1746.59,557.92,75.93000000000006,36.139999999999986,1,1,1.0
24,1,1745.08,557.81,75.0,36.530000000000086,1,1,1.0
25,1,1743.58,557.71,74.06000000000017,36.90999999999997,1,1,1.0
26,1,1742.07,557.6,73.13000000000011,37.299999999999955,1,1,1.0
27,1,1740.64,557.25,71.95999999999981,36.60000000000002,1,1,1.0
28,1,1739.2,556.9,70.79999999999995,35.89999999999998,1,1,1.0
29,1,1743.1,553.7,64.30000000000018,37.65999999999997,1,1,1.0
30,1,1745.95,553.1,62.649999999999864,38.39999999999998,1,1,1.0
31,1,1748.8,552.5,53.40000000000009,36.5,1,1,1.0
32,1,1747.72,553.04,44.180000000000064,34.56000000000006,1,1,1.0
33,1,1746.64,557.4,37.159999999999854,29.100000000000023,1,1,1.0
34,1,1745.6,557.4,39.5,29.100000000000023,1,1,1.0
35,1,1743.17,557.9,43.02999999999997,29.399999999999977,1,1,1.0
36,1,1740.74,557.6,47.3599999999999,29.699999999999932,1,1,1.0
37,1,1738.8,558.4,52.799999999999955,28.399999999999977,1,1,1.0
38,1,1738.8,558.1,57.40000000000009,28.699999999999932,1,1,1.0
39,1,1742.04,556.7,57.40000000000009,30.09999999999991,1,1,1.0
40,1,1746.09,556.97,57.40000000000009,30.100000000000023,1,1,1.0
41,1,1751.8,557.2,54.12000000000012,30.409999999999968,1,1,1.0
42,1,1752.61,558.55,57.090000000000146,29.050000000000068,1,1,1.0
43,1,1752.61,558.6,58.690000000000055,29.269999999999982,1,1,1.0
44,1,1751.5,558.87,63.0,29.730000000000018,1,1,1.0
45,1,1750.4,558.87,66.29999999999995,29.730000000000018,1,1,1.0
46,1,1751.26,559.04,67.53999999999996,29.660000000000082,1,1,1.0
47,1,1752.12,559.2,68.7800000000002,29.59999999999991,1,1,1.0
48,1,1752.98,559.37,70.01999999999998,29.529999999999973,1,1,1.0
49,1,1753.84,559.53,71.25999999999999,29.470000000000027,1,1,1.0
50,1,1754.7,559.7,72.5,29.399999999999977,1,1,1.0
51,1,1756.05,559.7,72.5,29.399999999999977,1,1,1.0
52,1,1757.92,560.82,72.5,29.399999999999977,1,1,1.0
53,1,1759.79,560.82,72.5,29.399999999999977,1,1,1.0
54,1,1768.0,559.3,60.90000000000009,31.300000000000068,1,1,1.0
55,1,1768.0,560.0,59.0,31.0,1,1,1.0
56,1,1768.0,560.0,57.90000000000009,31.0,1,1,1.0
57,1,1775.9,560.0,50.0,33.200000000000045,1,1,1.0
58,1,1775.5,562.6,50.40000000000009,31.0,1,1,1.0
59,1,1783.7,561.9,42.200000000000045,32.80000000000007,1,1,1.0
60,1,1791.75,561.15,34.15000000000009,35.80000000000007,1,1,1.0
61,1,1799.8,560.4,26.100000000000136,38.80000000000007,1,1,1.0
62,1,1800.55,558.53,25.350000000000136,40.190000000000055,1,1,1.0
63,1,1801.3,556.65,24.600000000000136,41.60000000000002,1,1,1.0
64,1,1802.05,554.78,23.850000000000136,42.99000000000001,1,1,1.0
65,1,1802.8,552.9,23.100000000000136,44.39999999999998,1,1,1.0
66,1,1802.61,552.9,25.37000000000012,44.22000000000003,1,1,1.0
67,1,1802.43,552.9,27.61999999999989,44.05000000000007,1,1,1.0
68,1,1802.24,552.9,29.8900000000001,43.870000000000005,1,1,1.0
69,1,1802.05,552.9,32.15000000000009,43.700000000000045,1,1,1.0
70,1,1797.9,552.53,40.0,41.07000000000005,1,1,1.0
71,1,1797.9,552.53,42.19999999999982,39.17000000000007,1,1,1.0
72,1,1796.03,553.27,46.26999999999998,39.129999999999995,1,1,1.0
73,1,1792.7,558.9,52.59999999999991,33.5,1,1,1.0
74,1,1791.83,561.0,54.590000000000146,31.769999999999982,1,1,1.0
75,1,1790.97,563.1,56.569999999999936,30.049999999999955,1,1,1.0
76,1,1790.1,565.2,58.56000000000017,28.319999999999936,1,1,1.0
77,1,1791.97,566.62,58.559999999999945,28.32000000000005,1,1,1.0
78,1,1793.84,568.04,58.56000000000017,28.32000000000005,1,1,1.0
79,1,1795.71,569.46,58.559999999999945,28.319999999999936,1,1,1.0
80,1,1797.57,570.88,58.570000000000164,28.32000000000005,1,1,1.0
81,1,1799.44,572.3,58.569999999999936,28.32000000000005,1,1,1.0
82,1,1802.8,573.8,58.569999999999936,29.81000000000006,1,1,1.0
83,1,1804.6,574.62,58.190000000000055,30.49000000000001,1,1,1.0
84,1,1806.4,575.44,57.809999999999945,31.16999999999996,1,1,1.0
85,1,1808.2,576.26,57.430000000000064,31.840000000000032,1,1,1.0
86,1,1810.0,577.08,57.049999999999955,32.51999999999998,1,1,1.0
87,1,1811.8,577.9,56.67000000000007,33.200000000000045,1,1,1.0
88,1,1813.1,577.9,58.17000000000007,35.07000000000005,1,1,1.0
89,1,1814.4,577.9,59.679999999999836,36.950000000000045,1,1,1.0
90,1,1815.7,577.9,61.180000000000064,38.82000000000005,1,1,1.0
91,1,1817.0,577.9,62.680000000000064,40.700000000000045,1,1,1.0
92,1,1821.32,580.29,59.86000000000013,41.82000000000005,1,1,1.0
93,1,1825.64,582.68,57.02999999999997,42.950000000000045,1,1,1.0
94,1,1829.96,585.07,54.210000000000036,44.069999999999936,1,1,1.0
95,1,1834.28,587.46,51.38000000000011,45.18999999999994,1,1,1.0
96,1,1838.6,589.85,48.56000000000017,46.309999999999945,1,1,1.0
97,1,1840.38,592.68,49.08999999999992,45.35000000000002,1,1,1.0
98,1,1842.16,595.51,49.62999999999988,44.389999999999986,1,1,1.0
99,1,1843.94,598.34,50.169999999999845,43.42999999999995,1,1,1.0
100,1,1845.72,601.17,50.700000000000045,42.47000000000003,1,1,1.0
101,1,1847.5,604.0,51.24000000000001,41.50999999999999,1,1,1.0
102,1,1847.72,605.34,52.51999999999998,41.360000000000014,1,1,1.0
103,1,1847.94,606.68,53.789999999999964,41.22000000000003,1,1,1.0
104,1,1848.16,608.02,55.069999999999936,41.07000000000005,1,1,1.0
105,1,1848.38,609.36,56.33999999999992,40.92999999999995,1,1,1.0
106,1,1848.6,610.7,57.62000000000012,40.789999999999964,1,1,1.0
107,1,1848.6,616.7,55.40000000000009,34.789999999999964,1,1,1.0
108,1,1848.6,616.7,52.100000000000136,35.5,1,1,1.0
109,1,1852.0,616.7,49.799999999999955,35.09999999999991,1,1,1.0
110,1,1864.0,620.06,37.799999999999955,35.1400000000001,1,1,1.0
111,1,1873.0,621.93,28.799999999999955,35.17000000000007,1,1,1.0
112,1,1872.25,622.68,28.799999999999955,35.17000000000007,1,1,1.0
113,1,1877.5,625.29,23.180000000000064,34.81000000000006,1,1,1.0
114,1,1874.7,626.79,26.539999999999964,35.16000000000008,1,1,1.0
115,1,1871.9,628.29,29.899999999999864,35.50999999999999,1,1,1.0
116,1,1870.4,629.41,33.26999999999998,35.49000000000001,1,1,1.0
117,1,1867.25,630.19,37.59999999999991,35.489999999999895,1,1,1.0
118,1,1864.1,630.97,41.92000000000007,35.5,1,1,1.0
119,1,1862.0,632.54,44.680000000000064,34.440000000000055,1,1,1.0
120,1,1859.9,634.11,47.43999999999983,33.379999999999995,1,1,1.0
121,1,1857.8,635.68,50.200000000000045,32.32000000000005,1,1,1.0
122,1,1856.23,638.4,50.200000000000045,30.379999999999995,1,1,1.0
123,1,1853.49,639.97,51.809999999999945,29.209999999999923,1,1,1.0
124,1,1851.92,641.54,51.809999999999945,29.210000000000036,1,1,1.0
125,1,1849.96,642.32,51.809999999999945,29.209999999999923,1,1,1.0
126,1,1849.96,642.7,51.809999999999945,30.00999999999999,1,1,1.0
127,1,1848.46,644.0,48.24000000000001,30.82000000000005,1,1,1.0
128,1,1846.97,642.8,49.02999999999997,33.65000000000009,1,1,1.0
129,1,1845.48,644.2,47.22000000000003,33.879999999999995,1,1,1.0
130,1,1843.99,645.6,45.41000000000008,34.110000000000014,1,1,1.0
131,1,1842.5,647.0,43.59999999999991,34.34000000000003,1,1,1.0
132,1,1841.33,647.78,43.590000000000146,34.34000000000003,1,1,1.0
133,1,1840.31,647.71,42.65000000000009,34.799999999999955,1,1,1.0
134,1,1839.29,647.63,41.700000000000045,35.26999999999998,1,1,1.0
135,1,1838.27,647.55,40.75999999999999,35.75,1,1,1.0
136,1,1837.25,647.48,39.809999999999945,36.210000000000036,1,1,1.0
137,1,1836.23,647.4,38.86999999999989,36.680000000000064,1,1,1.0
138,1,1826.0,648.2,41.299999999999955,37.09999999999991,1,1,1.0
139,1,1815.8,651.0,52.27999999999997,32.700000000000045,1,1,1.0
140,1,1812.27,656.5,57.82999999999993,29.950000000000045,1,1,1.0
141,1,1808.74,655.3,62.559999999999945,31.930000000000064,1,1,1.0
142,1,1804.11,655.84,61.23000000000002,31.159999999999968,1,1,1.0
143,1,1799.49,656.38,59.8900000000001,30.399999999999977,1,1,1.0
144,1,1794.86,656.92,58.56000000000017,29.629999999999995,1,1,1.0
145,1,1790.23,657.46,57.23000000000002,28.870000000000005,1,1,1.0
146,1,1785.6,658.0,55.90000000000009,28.100000000000023,1,1,1.0
147,1,1781.37,658.62,56.210000000000036,28.110000000000014,1,1,1.0
148,1,1777.13,659.24,56.52999999999997,28.110000000000014,1,1,1.0
149,1,1772.9,659.86,56.83999999999992,28.120000000000005,1,1,1.0
150,1,1768.66,660.48,57.159999999999854,28.129999999999995,1,1,1.0
151,1,1764.43,661.1,57.47000000000003,28.139999999999986,1,1,1.0
152,1,1761.21,661.88,58.190000000000055,28.230000000000018,1,1,1.0
153,1,1757.99,662.66,58.91000000000008,28.32000000000005,1,1,1.0
154,1,1754.78,663.44,59.62000000000012,28.409999999999968,1,1,1.0
155,1,1751.56,664.22,60.340000000000146,28.50999999999999,1,1,1.0
156,1,1748.35,665.0,61.05000000000018,28.600000000000023,1,1,1.0
157,1,1745.21,665.94,61.52999999999997,28.43999999999994,1,1,1.0
158,1,1742.07,666.88,62.00999999999999,28.289999999999964,1,1,1.0
159,1,1738.94,667.82,62.48000000000002,28.129999999999995,1,1,1.0
160,1,1735.8,668.76,62.960000000000036,27.980000000000018,1,1,1.0
161,1,1732.66,669.7,63.43999999999983,27.819999999999936,1,1,1.0
162,1,1730.31,670.48,63.430000000000064,28.139999999999986,1,1,1.0
163,1,1727.96,671.26,63.42000000000007,28.460000000000036,1,1,1.0
164,1,1725.6,672.04,63.42000000000007,28.780000000000086,1,1,1.0
165,1,1723.25,672.82,63.41000000000008,29.089999999999918,1,1,1.0
166,1,1720.9,673.6,63.399999999999864,29.409999999999968,1,1,1.0
167,1,1718.54,674.15,63.41000000000008,29.409999999999968,1,1,1.0
168,1,1716.19,674.7,63.399999999999864,29.409999999999968,1,1,1.0
169,1,1713.84,675.25,63.40000000000009,29.409999999999968,1,1,1.0
170,1,1711.48,675.8,63.41000000000008,29.410000000000082,1,1,1.0
171,1,1709.13,676.34,63.409999999999854,29.41999999999996,1,1,1.0
172,1,1709.9,676.34,62.63999999999987,28.659999999999968,1,1,1.0
173,1,1714.2,676.34,58.33999999999992,29.459999999999923,1,1,1.0
174,1,1714.2,678.7,58.33999999999992,28.699999999999932,1,1,1.0
175,1,1710.67,680.7,47.32999999999993,29.399999999999977,1,1,1.0
176,1,1706.75,685.8,42.25,25.480000000000018,1,1,1.0
177,1,1702.43,686.98,42.25999999999999,25.470000000000027,1,1,1.0
178,1,1698.9,688.15,42.25999999999999,25.480000000000018,1,1,1.0
179,1,1695.77,688.2,40.32999999999993,27.779999999999973,1,1,1.0
180,1,1692.63,689.8,43.4699999999998,28.930000000000064,1,1,1.0
181,1,1689.88,691.79,44.69999999999982,28.90000000000009,1,1,1.0
182,1,1687.14,692.96,44.68999999999983,28.899999999999977,1,1,1.0
183,1,1685.96,693.35,44.690000000000055,28.909999999999968,1,1,1.0
184,1,1684.0,694.53,44.690000000000055,28.899999999999977,1,1,1.0
185,1,1682.43,694.9,43.47000000000003,30.100000000000023,1,1,1.0
186,1,1680.86,696.1,40.340000000000146,30.860000000000014,1,1,1.0
187,1,1678.5,696.5,39.59999999999991,32.799999999999955,1,1,1.0
188,1,1675.75,698.85,37.65000000000009,31.649999999999977,1,1,1.0
189,1,1674.58,700.63,34.92000000000007,31.220000000000027,1,1,1.0
190,1,1673.4,702.4,32.19999999999982,30.800000000000068,1,1,1.0
191,1,1671.8,703.2,32.200000000000045,31.59999999999991,1,1,1.0
192,1,1671.02,703.98,32.200000000000045,31.600000000000023,1,1,1.0
193,1,1667.5,704.8,36.09999999999991,32.700000000000045,1,1,1.0
194,1,1666.32,704.8,34.88000000000011,33.879999999999995,1,1,1.0
195,1,1665.54,706.76,34.86000000000013,33.139999999999986,1,1,1.0
196,1,1665.34,707.73,34.25999999999999,33.93999999999994,1,1,1.0
197,1,1665.15,708.7,33.649999999999864,34.729999999999905,1,1,1.0
198,1,1666.7,713.4,34.799999999999955,32.80000000000007,1,1,1.0
199,1,1667.9,715.0,27.699999999999818,36.700000000000045,1,1,1.0
200,1,1667.9,712.6,22.199999999999818,44.60000000000002,1,1,1.0
201,1,1668.3,712.6,21.799999999999955,50.89999999999998,1,1,1.0
202,1,1664.77,716.91,21.799999999999955,50.89999999999998,1,1,1.0
203,1,1665.95,718.5,21.799999999999955,54.40999999999997,1,1,1.0
204,1,1669.5,718.9,17.09999999999991,58.700000000000045,1,1,1.0
205,1,1670.7,721.6,16.700000000000045,60.69999999999993,1,1,1.0
206,1,1670.7,725.91,17.899999999999864,60.700000000000045,1,1,1.0
207,1,1671.09,730.62,17.90000000000009,60.700000000000045,1,1,1.0
208,1,1671.1,734.54,18.29000000000019,60.700000000000045,1,1,1.0
209,1,1671.49,739.25,19.1099999999999,60.700000000000045,1,1,1.0
210,1,1670.7,745.1,20.690000000000055,57.99000000000001,1,1,1.0
211,1,1671.5,749.8,20.299999999999955,56.00999999999999,1,1,1.0
212,1,1671.98,753.8,21.779999999999973,55.85000000000002,1,1,1.0
213,1,1672.46,757.8,23.25999999999999,55.690000000000055,1,1,1.0
214,1,1672.94,761.8,24.74000000000001,55.54000000000008,1,1,1.0
215,1,1673.42,765.8,26.220000000000027,55.379999999999995,1,1,1.0
216,1,1673.9,769.8,27.699999999999818,55.23000000000002,1,1,1.0
217,1,1671.94,772.38,32.33999999999992,61.89999999999998,1,1,1.0
218,1,1669.98,774.96,36.98000000000002,68.57999999999993,1,1,1.0
219,1,1668.02,777.54,41.62000000000012,75.25,1,1,1.0
220,1,1666.06,780.12,46.25999999999999,81.92999999999995,1,1,1.0
221,1,1664.1,782.7,50.90000000000009,88.59999999999991,1,1,1.0
222,1,1669.04,788.74,49.569999999999936,90.95000000000005,1,1,1.0
223,1,1673.98,794.78,48.24000000000001,93.30000000000007,1,1,1.0
224,1,1678.92,800.82,46.899999999999864,95.65999999999997,1,1,1.0
225,1,1683.86,806.86,45.570000000000164,98.00999999999999,1,1,1.0
226,1,1688.8,812.9,44.24000000000001,100.36000000000001,1,1,1.0
227,1,1690.22,821.44,45.25,98.00999999999999,1,1,1.0
228,1,1691.64,829.98,46.25999999999999,95.65999999999997,1,1,1.0
229,1,1693.06,838.52,47.27999999999997,93.30000000000007,1,1,1.0
230,1,1694.48,847.06,48.289999999999964,90.95000000000005,1,1,1.0
231,1,1695.9,855.6,49.299999999999955,88.60000000000002,1,1,1.0
232,1,1698.02,861.17,49.299999999999955,88.60000000000002,1,1,1.0
233,1,1700.14,866.74,49.299999999999955,88.60000000000002,1,1,1.0
234,1,1702.25,872.31,49.299999999999955,88.60000000000002,1,1,1.0
235,1,1704.37,877.87,49.30000000000018,88.61000000000001,1,1,1.0
236,1,1706.49,883.44,49.299999999999955,88.59999999999991,1,1,1.0
237,1,1709.07,889.47,48.99000000000001,87.36000000000001,1,1,1.0
238,1,1711.65,895.51,48.68999999999983,86.10000000000002,1,1,1.0
239,1,1714.24,901.54,48.36999999999989,84.86000000000001,1,1,1.0
240,1,1716.82,907.57,48.070000000000164,83.6099999999999,1,1,1.0
241,1,1719.4,913.6,47.75999999999999,82.37,1,1,1.0
242,1,1723.72,918.7,43.52999999999997,86.04999999999995,1,1,1.0
243,1,1728.04,923.8,39.299999999999955,89.73000000000002,1,1,1.0
244,1,1732.36,928.9,35.06000000000017,93.42000000000007,1,1,1.0
245,1,1736.68,934.0,30.829999999999927,97.09999999999991,1,1,1.0
246,1,1741.0,939.1,26.59999999999991,100.79000000000008,1,1,1.0
247,1,1740.84,946.0,28.25,103.76999999999998,1,1,1.0
248,1,1740.68,952.9,29.899999999999864,106.75000000000011,1,1,1.0
249,1,1740.52,959.8,31.549999999999955,109.73000000000002,1,1,1.0
250,1,1740.36,966.7,33.200000000000045,112.72000000000003,1,1,1.0
251,1,1740.2,973.6,34.84999999999991,115.69999999999993,1,1,1.0
252,1,1742.78,980.66,33.680000000000064,116.63999999999999,1,1,1.0
253,1,1745.36,987.72,32.50999999999999,117.57999999999993,1,1,1.0
254,1,1747.94,994.78,31.339999999999918,118.51999999999998,1,1,1.0
255,1,1750.52,1001.84,30.170000000000073,119.45999999999992,1,1,1.0
256,1,1753.1,1008.9,29.0,120.39999999999998,1,1,1.0
257,1,1753.42,1016.36,29.939999999999827,119.84000000000003,1,1,1.0
258,1,1753.74,1023.82,30.87999999999988,119.27999999999986,1,1,1.0
259,1,1754.06,1031.28,31.820000000000164,118.72000000000003,1,1,1.0
260,1,1754.38,1038.74,32.75999999999999,118.16000000000008,1,1,1.0
261,1,1754.7,1046.2,33.700000000000045,117.59999999999991,1,1,1.0
262,1,1755.32,1052.24,34.41000000000008,117.51999999999998,1,1,1.0
263,1,1755.94,1058.28,35.12999999999988,117.44000000000005,1,1,1.0
264,1,1756.56,1064.32,35.840000000000146,117.36000000000013,1,1,1.0
265,1,1757.18,1070.36,36.549999999999955,117.2800000000002,1,1,1.0
266,1,1757.8,1076.4,37.26999999999998,117.19999999999982,1,1,1.0
267,1,1758.82,1084.32,37.5,114.38000000000011,1,1,1.0
268,1,1759.84,1092.24,37.74000000000001,111.55999999999995,1,1,1.0
269,1,1760.86,1100.16,37.97000000000003,108.74000000000001,1,1,1.0
270,1,1761.88,1108.08,38.20999999999981,105.92000000000007,1,1,1.0
271,1,1762.9,1116.0,38.43999999999983,103.09999999999991,1,1,1.0
272,1,1763.3,1120.7,39.059999999999945,103.01999999999998,1,1,1.0
273,1,1763.7,1125.4,39.680000000000064,102.94999999999982,1,1,1.0
274,1,1764.1,1130.1,40.30000000000018,102.88000000000011,1,1,1.0
275,1,1764.5,1134.8,40.92000000000007,102.80999999999995,1,1,1.0
276,1,1764.9,1139.5,41.539999999999964,102.73000000000002,1,1,1.0
277,1,1764.98,1143.58,42.789999999999964,101.95000000000005,1,1,1.0
278,1,1765.06,1147.66,44.049999999999955,101.15999999999985,1,1,1.0
279,1,1765.14,1151.74,45.299999999999955,100.37999999999988,1,1,1.0
280,1,1765.22,1155.82,46.549999999999955,99.59000000000015,1,1,1.0
281,1,1765.3,1159.9,47.809999999999945,98.79999999999995,1,1,1.0
282,1,1763.56,1165.08,53.549999999999955,98.49000000000001,1,1,1.0
283,1,1761.82,1170.26,59.289999999999964,98.17000000000007,1,1,1.0
284,1,1760.08,1175.44,65.02999999999997,97.84999999999991,1,1,1.0
285,1,1758.34,1180.62,70.76999999999998,97.54000000000019,1,1,1.0
286,1,1756.6,1185.8,76.50999999999999,97.22000000000003,1,1,1.0
287,1,1759.34,1191.52,75.33000000000015,96.1400000000001,1,1,1.0
288,1,1762.08,1197.24,74.1400000000001,95.04999999999995,1,1,1.0
289,1,1764.82,1202.96,72.96000000000004,93.97000000000003,1,1,1.0
290,1,1767.56,1208.68,71.77999999999997,92.87999999999988,1,1,1.0
291,1,1770.3,1214.4,70.60000000000014,91.79999999999995,1,1,1.0
292,1,1775.94,1218.4,63.940000000000055,92.81999999999994,1,1,1.0
293,1,1781.58,1222.4,57.27999999999997,93.83999999999992,1,1,1.0
294,1,1787.22,1226.4,50.61999999999989,94.8599999999999,1,1,1.0
295,1,1792.86,1230.4,43.960000000000036,95.87999999999988,1,1,1.0
296,1,1798.5,1234.4,37.299999999999955,96.89999999999986,1,1,1.0
297,1,1801.16,1236.9,34.399999999999864,98.48000000000002,1,1,1.0
298,1,1803.82,1239.4,31.50999999999999,100.05999999999995,1,1,1.0
299,1,1806.48,1241.9,28.6099999999999,101.62999999999988,1,1,1.0
300,1,1809.14,1244.4,25.7199999999998,103.20999999999981,1,1,1.0
301,1,1811.8,1246.9,22.819999999999936,104.78999999999996,1,1,1.0
302,1,1811.88,1249.88,23.539999999999964,104.78999999999996,1,1,1.0
303,1,1811.96,1252.86,24.25,104.79000000000019,1,1,1.0
304,1,1812.04,1255.84,24.970000000000027,104.80000000000018,1,1,1.0
305,1,1812.11,1258.82,25.690000000000055,104.79999999999995,1,1,1.0
306,1,1812.19,1261.8,26.409999999999854,104.79999999999995,1,1,1.0
307,1,1812.19,1265.8,26.169999999999845,100.18000000000006,1,1,1.0
308,1,1812.19,1269.8,25.929999999999836,95.55999999999995,1,1,1.0
309,1,1812.19,1273.8,25.690000000000055,90.94000000000005,1,1,1.0
310,1,1812.19,1277.8,25.450000000000045,86.31999999999994,1,1,1.0
311,1,1812.19,1281.8,25.210000000000036,81.70000000000005,1,1,1.0
312,1,1809.45,1285.3,33.450000000000045,75.65000000000009,1,1,1.0
313,1,1806.7,1288.8,41.700000000000045,69.60000000000014,1,1,1.0
314,1,1800.4,1288.8,58.19999999999982,64.10000000000014,1,1,1.0
315,1,1795.7,1276.7,71.89999999999986,71.89999999999986,1,1,1.0
316,1,1791.8,1284.2,83.29999999999995,63.200000000000045,1,1,1.0
317,1,1790.2,1289.3,89.20000000000005,57.299999999999955,1,1,1.0
318,1,1789.4,1304.2,97.5,44.299999999999955,1,1,1.0
319,1,1783.5,1299.9,108.5,45.09999999999991,1,1,1.0
320,1,1783.5,1304.67,114.0,41.09999999999991,1,1,1.0
321,1,1778.4,1306.6,123.80999999999995,38.7800000000002,1,1,1.0
322,1,1782.0,1306.44,124.51999999999998,39.01999999999998,1,1,1.0
323,1,1785.6,1306.29,125.23000000000002,39.25999999999999,1,1,1.0
324,1,1789.2,1306.13,125.95000000000005,39.5,1,1,1.0
325,1,1792.8,1305.97,126.66000000000008,39.75,1,1,1.0
326,1,1796.4,1305.82,127.37999999999988,39.98000000000002,1,1,1.0
327,1,1800.94,1305.27,125.97000000000003,40.52999999999997,1,1,1.0
328,1,1805.48,1304.73,124.56999999999994,41.069999999999936,1,1,1.0
329,1,1810.02,1304.19,123.17000000000007,41.6099999999999,1,1,1.0
330,1,1814.56,1303.64,121.75999999999999,42.159999999999854,1,1,1.0
331,1,1819.1,1303.1,120.36000000000013,42.700000000000045,1,1,1.0
332,1,1822.94,1303.02,119.74000000000001,43.01999999999998,1,1,1.0
333,1,1826.78,1302.94,119.11000000000013,43.32999999999993,1,1,1.0
334,1,1830.62,1302.86,118.49000000000001,43.65000000000009,1,1,1.0
335,1,1834.46,1302.78,117.8599999999999,43.960000000000036,1,1,1.0
336,1,1838.3,1302.7,117.24000000000001,44.27999999999997,1,1,1.0
337,1,1840.89,1303.01,117.24000000000001,44.27999999999997,1,1,1.0
338,1,1843.48,1303.33,117.24000000000001,44.26999999999998,1,1,1.0
339,1,1846.06,1303.64,117.25,44.27999999999997,1,1,1.0
340,1,1848.65,1303.95,117.24000000000001,44.27999999999997,1,1,1.0
341,1,1851.24,1304.27,117.24000000000001,44.26999999999998,1,1,1.0
342,1,1853.59,1304.19,117.24000000000001,44.82999999999993,1,1,1.0
343,1,1855.95,1304.12,117.24000000000001,45.37000000000012,1,1,1.0
344,1,1858.3,1304.05,117.24000000000001,45.91000000000008,1,1,1.0
345,1,1860.65,1303.97,117.24000000000001,46.460000000000036,1,1,1.0
346,1,1863.01,1303.9,117.24000000000001,47.0,1,1,1.0
347,1,1862.6,1303.9,118.43000000000006,47.0,1,1,1.0
348,1,1862.6,1303.9,116.5,47.799999999999955,1,1,1.0
349,1,1862.6,1303.9,109.40000000000009,52.09999999999991,1,1,1.0
350,1,1861.4,1303.1,102.79999999999995,50.200000000000045,1,1,1.0
351,1,1878.2,1296.8,84.0,58.5,1,1,1.0
352,1,1901.3,1298.8,64.0,57.299999999999955,1,1,1.0
353,1,1913.1,1301.5,54.90000000000009,54.59999999999991,1,1,1.0
354,1,1930.7,1302.7,40.0,54.59999999999991,1,1,1.0
355,1,1928.7,1300.4,44.34999999999991,58.8599999999999,1,1,1.0
356,1,1928.3,1306.7,46.319999999999936,53.74000000000001,1,1,1.0
357,1,1929.48,1308.66,46.319999999999936,53.74000000000001,1,1,1.0
358,1,1927.5,1306.3,51.430000000000064,57.67000000000007,1,1,1.0
359,1,1926.72,1307.08,51.430000000000064,57.67000000000007,1,1,1.0
360,1,1929.07,1309.44,51.430000000000064,57.669999999999845,1,1,1.0
361,1,1929.07,1309.44,50.23000000000002,57.460000000000036,1,1,1.0
362,1,1929.07,1309.44,49.02999999999997,57.25999999999999,1,1,1.0
363,1,1929.07,1309.44,45.02999999999997,54.460000000000036,1,1,1.0
364,1,1929.07,1307.5,49.330000000000155,52.09999999999991,1,1,1.0
365,1,1928.88,1309.05,49.51999999999998,49.200000000000045,1,1,1.0
366,1,1928.7,1310.6,49.700000000000045,46.30000000000018,1,1,1.0
367,1,1924.8,1310.6,53.600000000000136,45.90000000000009,1,1,1.0
368,1,1917.7,1309.4,56.0,46.69999999999982,1,1,1.0
369,1,1905.2,1306.3,69.29999999999995,51.40000000000009,1,1,1.0
370,1,1894.6,1304.7,85.0,53.0,1,1,1.0
371,1,1887.1,1307.8,101.10000000000014,49.100000000000136,1,1,1.0
372,1,1877.7,1303.9,111.27999999999997,48.289999999999964,1,1,1.0
373,1,1871.4,1303.9,121.89999999999986,50.299999999999955,1,1,1.0
374,1,1864.34,1301.15,128.18000000000006,52.23000000000002,1,1,1.0
375,1,1859.24,1299.19,140.3599999999999,52.210000000000036,1,1,1.0
376,1,1853.75,1298.41,147.04999999999995,48.68999999999983,1,1,1.0
377,1,1847.48,1295.66,154.92000000000007,50.24000000000001,1,1,1.0
378,1,1841.2,1294.88,160.0,51.01999999999998,1,1,1.0
379,1,1837.28,1292.5,161.92000000000007,50.65000000000009,1,1,1.0
380,1,1832.58,1292.5,161.91000000000008,47.09999999999991,1,1,1.0
381,1,1828.34,1290.86,161.60000000000014,47.72000000000003,1,1,1.0
382,1,1824.11,1289.22,161.2700000000002,48.33999999999992,1,1,1.0
383,1,1819.87,1287.58,160.95000000000005,48.960000000000036,1,1,1.0
384,1,1815.63,1285.94,160.62999999999988,49.57999999999993,1,1,1.0
385,1,1811.4,1284.3,160.29999999999995,50.200000000000045,1,1,1.0
386,1,1806.38,1283.44,159.1199999999999,50.899999999999864,1,1,1.0
387,1,1801.36,1282.58,157.94000000000005,51.61000000000013,1,1,1.0
388,1,1796.34,1281.72,156.76,52.309999999999945,1,1,1.0
389,1,1791.32,1280.86,155.58000000000015,53.00999999999999,1,1,1.0
390,1,1786.3,1280.0,154.4000000000001,53.72000000000003,1,1,1.0
391,1,1781.6,1280.0,154.3900000000001,53.72000000000003,1,1,1.0
392,1,1777.93,1279.25,156.8499999999999,53.72000000000003,1,1,1.0
393,1,1774.27,1278.51,159.28999999999996,53.710000000000036,1,1,1.0
394,1,1770.6,1277.76,161.74,53.72000000000003,1,1,1.0
395,1,1766.94,1277.01,164.17999999999984,53.72000000000003,1,1,1.0
396,1,1763.27,1276.27,166.6300000000001,53.710000000000036,1,1,1.0
397,1,1757.84,1272.47,163.10000000000014,59.27999999999997,1,1,1.0
398,1,1752.4,1268.68,159.57999999999993,64.82999999999993,1,1,1.0
399,1,1746.97,1264.89,156.04999999999995,70.37999999999988,1,1,1.0
400,1,1741.53,1261.09,152.52999999999997,75.95000000000005,1,1,1.0
401,1,1736.1,1257.3,149.0,81.5,1,1,1.0
402,1,1726.6,1251.87,161.60000000000014,79.83000000000015,1,1,1.0
403,1,1715.74,1246.8,172.16000000000008,81.5,1,1,1.0
404,1,1706.92,1243.75,183.67999999999984,86.95000000000005,1,1,1.0
405,1,1697.42,1239.33,183.67999999999984,93.37000000000012,1,1,1.0
406,1,1687.92,1235.6,187.37999999999988,97.10000000000014,1,1,1.0
407,1,1680.79,1232.55,187.3900000000001,97.10000000000014,1,1,1.0
408,1,1673.33,1228.13,187.3800000000001,97.09999999999991,1,1,1.0
409,1,1665.52,1225.42,187.3800000000001,97.09999999999991,1,1,1.0
410,1,1658.73,1222.37,187.38999999999987,97.10000000000014,1,1,1.0
411,1,1651.95,1218.3,187.37999999999988,97.09000000000015,1,1,1.0
412,1,1645.43,1215.58,187.38999999999987,97.10000000000014,1,1,1.0
413,1,1638.92,1212.87,187.37999999999988,97.10000000000014,1,1,1.0
414,1,1632.4,1210.15,187.38999999999987,97.09999999999991,1,1,1.0
415,1,1625.89,1207.44,187.37999999999988,97.09999999999991,1,1,1.0
416,1,1619.37,1204.72,187.3900000000001,97.09999999999991,1,1,1.0
417,1,1614.22,1202.28,187.37999999999988,97.10000000000014,1,1,1.0
418,1,1609.06,1199.84,187.3800000000001,97.10000000000014,1,1,1.0
419,1,1603.9,1197.39,187.38999999999987,97.09999999999991,1,1,1.0
420,1,1598.74,1194.95,187.3900000000001,97.09999999999991,1,1,1.0
421,1,1593.59,1192.51,187.3800000000001,97.09999999999991,1,1,1.0
422,1,1589.11,1190.74,187.3800000000001,97.09999999999991,1,1,1.0
423,1,1584.63,1188.98,187.37999999999988,97.09999999999991,1,1,1.0
424,1,1580.15,1187.21,187.37999999999988,97.09999999999991,1,1,1.0
425,1,1575.67,1185.45,187.37999999999988,97.09999999999991,1,1,1.0
426,1,1571.19,1183.68,187.37999999999988,97.09999999999991,1,1,1.0
427,1,1567.32,1181.99,185.01999999999998,98.25999999999999,1,1,1.0
428,1,1563.45,1180.29,182.64999999999986,99.42000000000007,1,1,1.0
429,1,1559.59,1178.59,180.27999999999997,100.58000000000015,1,1,1.0
430,1,1555.72,1176.9,177.91000000000008,101.74000000000001,1,1,1.0
431,1,1551.85,1175.2,175.55000000000018,102.89999999999986,1,1,1.0
432,1,1548.46,1173.78,175.54999999999995,102.8900000000001,1,1,1.0
433,1,1545.06,1172.35,175.54999999999995,102.90000000000009,1,1,1.0
434,1,1541.67,1170.93,175.54999999999995,102.88999999999987,1,1,1.0
435,1,1538.28,1169.5,175.54999999999995,102.90000000000009,1,1,1.0
436,1,1534.88,1168.08,175.54999999999995,102.8900000000001,1,1,1.0
437,1,1525.38,1169.77,173.2199999999998,92.73000000000002,1,1,1.0
438,1,1522.3,1170.45,153.20000000000005,87.25,1,1,1.0
439,1,1523.7,1170.8,136.5,85.5,1,1,1.0
440,1,1522.7,1158.9,113.70000000000005,83.19999999999982,1,1,1.0
441,1,1515.24,1156.9,123.55999999999995,59.799999999999955,1,1,1.0
442,1,1506.77,1157.25,118.48000000000002,61.450000000000045,1,1,1.0
443,1,1498.3,1157.6,113.40000000000009,63.100000000000136,1,1,1.0
444,1,1489.14,1157.1,113.90999999999985,69.0300000000002,1,1,1.0
445,1,1479.98,1156.6,114.42000000000007,74.96000000000004,1,1,1.0
446,1,1471.99,1158.8,116.1099999999999,75.83000000000015,1,1,1.0
447,1,1464.0,1161.0,117.79999999999995,76.70000000000005,1,1,1.0
448,1,1456.7,1163.05,121.20000000000005,78.8900000000001,1,1,1.0
449,1,1449.41,1165.1,124.58999999999992,81.08000000000015,1,1,1.0
450,1,1444.5,1164.4,129.0,85.49000000000001,1,1,1.0
451,1,1439.6,1163.7,133.4000000000001,89.89999999999986,1,1,1.0
452,1,1436.21,1164.89,133.39999999999986,89.89999999999986,1,1,1.0
453,1,1432.81,1166.08,133.4000000000001,89.90000000000009,1,1,1.0
454,1,1429.76,1165.89,133.4000000000001,91.94999999999982,1,1,1.0
455,1,1426.71,1165.7,133.38999999999987,94.00999999999999,1,1,1.0
456,1,1423.14,1167.23,133.39999999999986,94.0,1,1,1.0
457,1,1419.58,1168.75,133.3900000000001,94.00999999999999,1,1,1.0
458,1,1415.68,1169.43,133.38999999999987,94.00999999999999,1,1,1.0
459,1,1411.78,1170.11,133.3900000000001,94.00999999999999,1,1,1.0
460,1,1405.84,1175.88,132.06000000000017,88.06999999999994,1,1,1.0
461,1,1399.9,1181.64,130.7199999999998,82.13999999999987,1,1,1.0
462,1,1391.6,1179.62,127.16000000000008,84.82000000000016,1,1,1.0
463,1,1383.3,1177.6,123.60000000000014,87.5,1,1,1.0
464,1,1375.85,1185.4,132.4000000000001,79.84999999999991,1,1,1.0
465,1,1368.4,1193.2,141.19999999999982,72.20000000000005,1,1,1.0
466,1,1359.9,1193.7,156.8499999999999,70.84999999999991,1,1,1.0
467,1,1351.4,1194.2,172.5,69.5,1,1,1.0
468,1,1343.09,1190.98,181.66000000000008,73.72000000000003,1,1,1.0
469,1,1334.77,1187.75,190.82999999999993,77.95000000000005,1,1,1.0
470,1,1327.14,1184.87,190.80999999999995,79.83000000000015,1,1,1.0
471,1,1319.5,1181.98,190.79999999999995,81.72000000000003,1,1,1.0
472,1,1311.53,1179.1,194.37000000000012,81.20000000000005,1,1,1.0
473,1,1303.56,1176.22,197.94000000000005,80.68000000000006,1,1,1.0
474,1,1297.96,1174.71,195.88999999999987,76.74000000000001,1,1,1.0
475,1,1292.36,1173.2,193.84000000000015,72.79999999999995,1,1,1.0
476,1,1286.76,1170.99,193.83999999999992,72.79999999999995,1,1,1.0
477,1,1281.16,1168.79,193.83999999999992,72.79999999999995,1,1,1.0
478,1,1275.39,1166.92,193.83999999999992,72.79999999999995,1,1,1.0
479,1,1269.62,1165.06,193.85000000000014,72.79999999999995,1,1,1.0
480,1,1264.36,1163.53,193.85000000000014,72.79999999999995,1,1,1.0
481,1,1259.1,1162.0,193.85000000000014,72.79999999999995,1,1,1.0
482,1,1253.34,1160.98,193.84000000000015,72.80999999999995,1,1,1.0
483,1,1247.57,1159.97,193.84000000000015,72.79999999999995,1,1,1.0
484,1,1243.16,1158.61,193.83999999999992,72.80000000000018,1,1,1.0
485,1,1238.75,1157.25,193.83999999999992,72.79999999999995,1,1,1.0
486,1,1235.35,1156.4,193.84000000000015,72.79999999999995,1,1,1.0
487,1,1231.96,1155.56,193.83999999999992,72.79999999999995,1,1,1.0
488,1,1227.04,1153.86,193.84000000000015,72.80000000000018,1,1,1.0
489,1,1222.12,1152.16,193.84000000000015,72.79999999999995,1,1,1.0
490,1,1218.39,1150.97,193.83999999999992,70.1099999999999,1,1,1.0
491,1,1214.65,1149.79,193.83999999999992,67.41000000000008,1,1,1.0
492,1,1210.24,1149.11,193.83999999999992,67.41000000000008,1,1,1.0
493,1,1205.83,1148.43,193.84000000000015,67.40999999999985,1,1,1.0
494,1,1202.1,1148.09,193.84000000000015,67.41000000000008,1,1,1.0
495,1,1198.37,1147.75,193.84000000000015,67.41000000000008,1,1,1.0
496,1,1195.14,1147.07,193.83999999999992,67.42000000000007,1,1,1.0
497,1,1191.92,1146.39,193.83999999999992,67.41999999999985,1,1,1.0
498,1,1189.88,1144.36,188.75,67.41000000000008,1,1,1.0
499,1,1187.85,1142.32,183.6500000000001,67.41000000000008,1,1,1.0
500,1,1195.0,1142.32,150.70000000000005,60.680000000000064,1,1,1.0
501,1,1203.82,1134.9,121.18000000000006,62.0,1,1,1.0
502,1,1210.9,1131.2,101.5,57.200000000000045,1,1,1.0
503,1,1210.9,1129.5,87.19999999999982,58.90000000000009,1,1,1.0
504,1,1209.2,1124.4,77.0,59.59999999999991,1,1,1.0
505,1,1204.8,1123.7,81.40000000000009,58.59999999999991,1,1,1.0
506,1,1202.8,1123.7,89.79999999999995,58.299999999999955,1,1,1.0
507,1,1202.8,1122.7,97.25,57.450000000000045,1,1,1.0
508,1,1202.8,1121.7,104.70000000000005,56.59999999999991,1,1,1.0
509,1,1201.1,1121.35,113.70000000000005,60.700000000000045,1,1,1.0
510,1,1199.4,1121.0,122.69999999999982,64.79999999999995,1,1,1.0
511,1,1191.6,1122.4,140.0,61.399999999999864,1,1,1.0
512,1,1186.5,1117.99,154.5999999999999,60.710000000000036,1,1,1.0
513,1,1181.4,1113.58,171.91999999999985,73.92000000000007,1,1,1.0
514,1,1183.1,1107.13,183.7900000000002,80.06999999999994,1,1,1.0
515,1,1193.62,1101.36,183.7900000000002,80.07000000000016,1,1,1.0
516,1,1209.9,1093.56,179.03999999999996,84.84000000000015,1,1,1.0
517,1,1220.9,1087.59,178.28999999999996,88.43000000000006,1,1,1.0
518,1,1231.9,1081.61,177.53999999999996,92.0300000000002,1,1,1.0
519,1,1242.9,1075.64,176.78999999999996,95.61999999999989,1,1,1.0
520,1,1253.9,1069.67,176.02999999999997,99.21000000000004,1,1,1.0
521,1,1264.9,1063.7,175.27999999999997,102.79999999999995,1,1,1.0
522,1,1278.2,1053.38,175.27999999999997,107.47999999999979,1,1,1.0
523,1,1291.5,1043.06,175.27999999999997,112.16000000000008,1,1,1.0
524,1,1304.8,1032.74,175.28999999999996,116.83999999999992,1,1,1.0
525,1,1318.11,1022.42,175.2800000000002,121.5200000000001,1,1,1.0
526,1,1331.41,1012.1,175.27999999999997,126.19999999999993,1,1,1.0
527,1,1342.41,1004.02,177.03999999999996,124.77999999999997,1,1,1.0
528,1,1353.4,995.95,178.80999999999995,123.34999999999991,1,1,1.0
529,1,1364.4,987.87,180.55999999999995,121.92999999999995,1,1,1.0
530,1,1375.4,979.8,182.31999999999994,120.5,1,1,1.0
531,1,1386.4,971.72,184.07999999999993,119.07999999999993,1,1,1.0
532,1,1399.7,966.7,181.70000000000005,113.09999999999991,1,1,1.0
533,1,1413.0,961.67,179.32999999999993,107.13,1,1,1.0
534,1,1426.3,956.65,176.95000000000005,101.14999999999998,1,1,1.0
535,1,1439.6,951.62,174.58000000000015,95.17999999999995,1,1,1.0
536,1,1452.9,946.6,172.19999999999982,89.19999999999993,1,1,1.0
537,1,1461.32,942.53,172.20000000000005,85.87000000000012,1,1,1.0
538,1,1469.73,938.46,172.20000000000005,82.53999999999996,1,1,1.0
539,1,1478.15,934.38,172.19999999999982,79.22000000000003,1,1,1.0
540,1,1486.56,930.31,172.20000000000005,75.8900000000001,1,1,1.0
541,1,1494.98,926.24,172.20000000000005,72.55999999999995,1,1,1.0
542,1,1501.9,923.46,173.55999999999995,73.15999999999997,1,1,1.0
543,1,1508.83,920.68,174.91000000000008,73.7600000000001,1,1,1.0
544,1,1515.75,917.89,176.26,74.37,1,1,1.0
545,1,1522.68,915.11,177.6099999999999,74.97000000000003,1,1,1.0
546,1,1529.6,912.33,178.97000000000003,75.56999999999994,1,1,1.0
547,1,1534.9,909.75,179.8499999999999,75.71000000000004,1,1,1.0
548,1,1540.2,907.17,180.72000000000003,75.85000000000002,1,1,1.0
549,1,1545.5,904.59,181.5999999999999,75.99000000000001,1,1,1.0
550,1,1550.8,902.01,182.48000000000002,76.13,1,1,1.0
551,1,1556.1,899.44,183.35000000000014,76.25999999999999,1,1,1.0
552,1,1561.6,897.6,183.82000000000016,74.57999999999993,1,1,1.0
553,1,1567.1,895.77,184.30000000000018,72.88999999999999,1,1,1.0
554,1,1572.6,893.94,184.76999999999998,71.19999999999993,1,1,1.0
555,1,1578.1,892.11,185.24,69.50999999999999,1,1,1.0
556,1,1583.6,890.27,185.71000000000004,67.83000000000004,1,1,1.0
557,1,1596.82,886.34,174.73000000000002,69.38,1,1,1.0
558,1,1610.04,882.4,163.75,70.94000000000005,1,1,1.0
559,1,1623.26,878.47,152.76999999999998,72.49000000000001,1,1,1.0
560,1,1636.48,874.53,141.78999999999996,74.05000000000007,1,1,1.0
561,1,1649.7,870.59,130.80999999999995,75.61000000000001,1,1,1.0
562,1,1658.18,862.86,133.8599999999999,77.98000000000002,1,1,1.0
563,1,1666.66,855.12,136.91999999999985,80.36000000000001,1,1,1.0
564,1,1675.14,847.38,139.9799999999998,82.74000000000001,1,1,1.0
565,1,1683.62,839.65,143.0400000000002,85.11000000000001,1,1,1.0
566,1,1692.1,831.91,146.09000000000015,87.49000000000001,1,1,1.0
567,1,1701.6,823.49,144.47000000000003,90.14999999999998,1,1,1.0
568,1,1711.1,815.07,142.86000000000013,92.80999999999995,1,1,1.0
569,1,1720.6,806.64,141.24,95.48000000000002,1,1,1.0
570,1,1730.1,798.22,139.62000000000012,98.13999999999999,1,1,1.0
571,1,1739.6,789.8,138.0,100.80000000000007,1,1,1.0
572,1,1742.38,784.71,140.23999999999978,102.08999999999992,1,1,1.0
573,1,1745.16,779.62,142.48000000000002,103.38,1,1,1.0
574,1,1747.94,774.53,144.73000000000002,104.67000000000007,1,1,1.0
575,1,1750.72,769.44,146.97000000000003,105.95999999999992,1,1,1.0
576,1,1753.5,764.35,149.21000000000004,107.25,1,1,1.0
577,1,1760.36,760.42,149.2700000000002,101.68000000000006,1,1,1.0
578,1,1767.22,756.49,149.32999999999993,96.11000000000001,1,1,1.0
579,1,1774.08,752.56,149.4000000000001,90.54000000000008,1,1,1.0
580,1,1780.94,748.63,149.46000000000004,84.97000000000003,1,1,1.0
581,1,1787.8,744.7,149.51999999999998,79.39999999999998,1,1,1.0
582,1,1792.14,741.31,150.39999999999986,79.40000000000009,1,1,1.0
583,1,1796.48,737.91,151.26999999999998,79.39999999999998,1,1,1.0
584,1,1800.82,734.52,152.1500000000001,79.39999999999998,1,1,1.0
585,1,1805.16,731.13,153.01999999999998,79.39999999999998,1,1,1.0
586,1,1809.5,727.73,153.9000000000001,79.39999999999998,1,1,1.0
587,1,1814.32,725.15,153.42000000000007,79.74000000000001,1,1,1.0
588,1,1819.14,722.58,152.94999999999982,80.05999999999995,1,1,1.0
589,1,1823.96,720.0,152.47000000000003,80.38999999999999,1,1,1.0
590,1,1828.78,717.42,151.99,80.73000000000002,1,1,1.0
591,1,1833.6,714.84,151.51999999999998,81.05999999999995,1,1,1.0
592,1,1837.94,712.94,151.03999999999996,80.03999999999996,1,1,1.0
593,1,1842.28,711.04,150.56999999999994,79.01999999999998,1,1,1.0
594,1,1846.62,709.14,150.10000000000014,78.0,1,1,1.0
595,1,1850.96,707.24,149.62999999999988,76.98000000000002,1,1,1.0
596,1,1855.3,705.34,149.16000000000008,75.95999999999992,1,1,1.0
597,1,1859.16,703.85,148.6199999999999,75.49000000000001,1,1,1.0
598,1,1863.02,702.36,148.08999999999992,75.01999999999998,1,1,1.0
599,1,1866.88,700.88,147.54999999999995,74.53999999999996,1,1,1.0
600,1,1870.74,699.39,147.01999999999998,74.07000000000005,1,1,1.0
601,1,1874.6,697.9,146.48000000000002,73.60000000000002,1,1,1.0
602,1,1878.7,696.54,144.76,73.60000000000002,1,1,1.0
603,1,1883.5,693.44,136.20000000000005,78.05999999999995,1,1,1.0
604,1,1886.89,691.74,120.59999999999991,80.10000000000002,1,1,1.0
605,1,1895.4,688.0,110.39999999999986,75.39999999999998,1,1,1.0
606,1,1929.3,688.0,76.5,64.79999999999995,1,1,1.0
607,1,1961.2,684.2,44.299999999999955,67.89999999999998,1,1,1.0
608,1,1963.22,681.5,47.680000000000064,65.79999999999995,1,1,1.0
609,1,1962.5,676.07,46.700000000000045,58.32999999999993,1,1,1.0
610,1,1958.09,674.38,43.00999999999999,56.620000000000005,1,1,1.0
611,1,1951.64,672.0,44.659999999999854,51.799999999999955,1,1,1.0
612,1,1948.25,668.61,51.75,51.49000000000001,1,1,1.0
613,1,1944.86,665.22,57.1400000000001,48.77999999999997,1,1,1.0
614,1,1942.14,662.84,63.25999999999999,52.15999999999997,1,1,1.0
615,1,1938.75,662.2,67.65000000000009,47.69999999999993,1,1,1.0
616,1,1936.03,658.47,69.37000000000012,48.02999999999997,1,1,1.0
617,1,1931.62,656.77,69.37000000000012,48.02999999999997,1,1,1.0
618,1,1929.25,654.06,69.3599999999999,48.030000000000086,1,1,1.0
619,1,1925.17,651.68,69.32999999999993,52.22000000000003,1,1,1.0
620,1,1923.82,650.32,69.32000000000016,52.219999999999914,1,1,1.0
621,1,1920.76,647.95,69.32999999999993,52.219999999999914,1,1,1.0
622,1,1919.07,645.57,69.32000000000016,52.219999999999914,1,1,1.0
623,1,1918.39,644.22,66.30999999999995,53.57999999999993,1,1,1.0
624,1,1917.03,641.84,62.87000000000012,54.559999999999945,1,1,1.0
625,1,1916.01,642.52,58.789999999999964,53.58000000000004,1,1,1.0
626,1,1918.7,639.8,56.09999999999991,56.30000000000007,1,1,1.0
627,1,1918.53,638.1,52.17000000000007,56.85000000000002,1,1,1.0
628,1,1918.36,636.41,48.24000000000001,57.389999999999986,1,1,1.0
629,1,1918.36,633.7,32.340000000000146,59.799999999999955,1,1,1.0
630,1,1917.3,631.7,31.360000000000127,58.75,1,1,1.0
631,1,1914.58,628.99,31.37000000000012,58.74000000000001,1,1,1.0
632,1,1912.55,625.25,31.360000000000127,58.75,1,1,1.0
633,1,1912.04,623.9,32.22000000000003,58.74000000000001,1,1,1.0
634,1,1911.53,622.54,33.069999999999936,58.74000000000001,1,1,1.0
635,1,1909.49,619.14,36.809999999999945,56.75999999999999,1,1,1.0
636,1,1907.1,617.79,39.200000000000045,56.710000000000036,1,1,1.0
637,1,1905.06,615.75,45.340000000000146,54.35000000000002,1,1,1.0
638,1,1903.88,614.39,45.32999999999993,54.35000000000002,1,1,1.0
639,1,1902.69,613.04,45.32999999999993,54.35000000000002,1,1,1.0
640,1,1901.67,610.83,44.99000000000001,55.00999999999999,1,1,1.0
641,1,1900.65,608.63,44.649999999999864,55.66999999999996,1,1,1.0
642,1,1900.09,607.61,42.940000000000055,56.120000000000005,1,1,1.0
643,1,1899.52,606.59,41.25,56.57999999999993,1,1,1.0
644,1,1898.96,605.57,39.539999999999964,57.02999999999997,1,1,1.0
645,1,1896.07,601.5,40.38000000000011,58.200000000000045,1,1,1.0
646,1,1893.19,597.43,41.210000000000036,59.370000000000005,1,1,1.0
647,1,1890.81,594.88,42.590000000000146,60.22000000000003,1,1,1.0
648,1,1888.44,592.34,43.960000000000036,61.059999999999945,1,1,1.0
649,1,1887.25,588.78,45.15000000000009,66.47000000000003,1,1,1.0
650,1,1886.06,585.21,46.340000000000146,71.88999999999999,1,1,1.0
651,1,1885.04,581.65,46.340000000000146,71.88999999999999,1,1,1.0
652,1,1884.03,578.09,46.33999999999992,71.88999999999999,1,1,1.0
653,1,1883.18,574.86,49.75,74.92999999999995,1,1,1.0
654,1,1882.33,571.64,53.17000000000007,77.96000000000004,1,1,1.0
655,1,1884.2,571.13,54.700000000000045,73.57000000000005,1,1,1.0
656,1,1886.06,570.62,56.24000000000001,69.17999999999995,1,1,1.0
657,1,1884.2,569.44,49.09999999999991,64.25999999999999,1,1,1.0
658,1,1882.33,568.25,41.97000000000003,59.35000000000002,1,1,1.0
659,1,1877.41,566.72,41.63999999999987,61.02999999999997,1,1,1.0
660,1,1872.49,565.19,41.309999999999945,62.70999999999992,1,1,1.0
661,1,1870.96,565.19,45.74000000000001,56.6099999999999,1,1,1.0
662,1,1869.44,565.19,50.159999999999854,50.50999999999999,1,1,1.0
663,1,1868.08,565.02,54.72000000000003,49.680000000000064,1,1,1.0
664,1,1866.72,564.85,59.27999999999997,48.85000000000002,1,1,1.0
665,1,1863.67,565.02,54.52999999999997,46.33000000000004,1,1,1.0
666,1,1860.62,565.19,49.7800000000002,43.809999999999945,1,1,1.0
667,1,1857.39,564.51,46.74000000000001,40.25999999999999,1,1,1.0
668,1,1854.17,563.84,43.68999999999983,36.69999999999993,1,1,1.0
669,1,1852.13,563.67,45.19999999999982,35.15000000000009,1,1,1.0
670,1,1850.1,563.5,46.700000000000045,33.60000000000002,1,1,1.0
671,1,1848.06,563.67,51.289999999999964,33.58000000000004,1,1,1.0
672,1,1846.02,563.83,55.88000000000011,33.569999999999936,1,1,1.0
673,1,1844.67,563.83,57.07999999999993,33.569999999999936,1,1,1.0
674,1,1843.31,563.83,58.289999999999964,33.569999999999936,1,1,1.0
675,1,1841.61,564.0,58.29000000000019,33.57000000000005,1,1,1.0
676,1,1839.92,564.17,58.289999999999964,33.57000000000005,1,1,1.0
677,1,1838.22,564.34,58.289999999999964,33.569999999999936,1,1,1.0
678,1,1836.53,564.51,58.27999999999997,33.57000000000005,1,1,1.0
679,1,1831.6,564.01,53.210000000000036,33.56000000000006,1,1,1.0
680,1,1826.68,563.5,48.11999999999989,33.559999999999945,1,1,1.0
681,1,1825.5,564.01,51.0,33.56000000000006,1,1,1.0
682,1,1824.31,564.52,53.8900000000001,33.56000000000006,1,1,1.0
683,1,1822.95,564.52,57.299999999999955,32.22000000000003,1,1,1.0
684,1,1821.59,564.52,60.710000000000036,30.879999999999995,1,1,1.0
685,1,1818.54,564.69,52.210000000000036,30.709999999999923,1,1,1.0
686,1,1815.49,564.86,43.710000000000036,30.539999999999964,1,1,1.0
687,1,1813.11,564.86,43.72000000000003,30.539999999999964,1,1,1.0
688,1,1810.74,564.86,43.710000000000036,30.539999999999964,1,1,1.0
689,1,1807.68,565.02,43.72000000000003,30.550000000000068,1,1,1.0
690,1,1804.63,565.19,43.70999999999981,30.549999999999955,1,1,1.0
691,1,1802.59,565.36,43.72000000000003,30.549999999999955,1,1,1.0
692,1,1800.56,565.53,43.710000000000036,30.550000000000068,1,1,1.0
693,1,1799.53,565.53,44.74000000000001,30.56000000000006,1,1,1.0
694,1,1798.5,565.53,45.76999999999998,30.57000000000005,1,1,1.0
695,1,1796.97,565.53,45.76999999999998,30.57000000000005,1,1,1.0
696,1,1795.45,565.53,45.76999999999998,30.57000000000005,1,1,1.0
697,1,1793.41,565.22,46.799999999999955,31.049999999999955,1,1,1.0
698,1,1791.37,564.9,47.830000000000155,31.540000000000077,1,1,1.0
699,1,1790.7,564.56,47.819999999999936,31.540000000000077,1,1,1.0
700,1,1790.02,564.22,47.819999999999936,31.539999999999964,1,1,1.0
701,1,1788.83,564.22,47.830000000000155,31.539999999999964,1,1,1.0
702,1,1787.64,564.22,47.82999999999993,31.539999999999964,1,1,1.0
703,1,1788.7,562.5,42.700000000000045,34.60000000000002,1,1,1.0
704,1,1789.55,562.0,41.5,35.10000000000002,1,1,1.0
705,1,1790.4,561.5,40.299999999999955,35.60000000000002,1,1,1.0
706,1,1786.84,561.5,33.15000000000009,35.09000000000003,1,1,1.0
707,1,1783.27,561.5,26.00999999999999,34.58000000000004,1,1,1.0
708,1,1777.85,564.6,34.05000000000018,30.159999999999968,1,1,1.0
709,1,1775.98,564.75,37.76999999999998,30.00999999999999,1,1,1.0
710,1,1774.11,564.9,41.49000000000001,29.860000000000014,1,1,1.0
711,1,1771.74,565.4,44.00999999999999,29.700000000000045,1,1,1.0
712,1,1769.36,565.9,46.54000000000019,29.540000000000077,1,1,1.0
713,1,1767.16,567.1,46.539999999999964,27.829999999999927,1,1,1.0
714,1,1764.95,568.3,46.549999999999955,26.120000000000005,1,1,1.0
715,1,1762.75,568.65,44.0,25.940000000000055,1,1,1.0
716,1,1760.54,569.0,41.460000000000036,25.75999999999999,1,1,1.0
717,1,1758.51,569.5,40.289999999999964,25.769999999999982,1,1,1.0
718,1,1756.47,570.0,39.12999999999988,25.779999999999973,1,1,1.0
719,1,1754.6,571.36,39.13000000000011,25.769999999999982,1,1,1.0
720,1,1752.74,572.71,39.12999999999988,25.779999999999973,1,1,1.0
721,1,1751.21,572.36,39.319999999999936,26.639999999999986,1,1,1.0
722,1,1749.68,572.0,39.51999999999998,27.50999999999999,1,1,1.0
723,1,1748.5,572.17,39.50999999999999,27.50999999999999,1,1,1.0
724,1,1747.31,572.34,39.51999999999998,27.50999999999999,1,1,1.0
725,1,1745.95,573.02,39.51999999999998,27.50999999999999,1,1,1.0
726,1,1744.59,573.7,39.51999999999998,27.50999999999999,1,1,1.0
727,1,1743.58,574.04,39.50999999999999,27.50999999999999,1,1,1.0
728,1,1742.56,574.38,39.50999999999999,27.5,1,1,1.0
729,1,1741.37,573.89,38.52000000000021,28.159999999999968,1,1,1.0
730,1,1740.18,573.4,37.51999999999998,28.82000000000005,1,1,1.0
731,1,1739.33,573.91,37.51999999999998,28.82000000000005,1,1,1.0
732,1,1738.49,574.42,37.50999999999999,28.82000000000005,1,1,1.0
733,1,1737.3,574.59,37.51999999999998,28.819999999999936,1,1,1.0
734,1,1736.11,574.76,37.52000000000021,28.82000000000005,1,1,1.0
735,1,1735.43,575.44,37.51999999999998,28.819999999999936,1,1,1.0
736,1,1734.75,576.12,37.51999999999998,28.82000000000005,1,1,1.0
737,1,1734.08,572.4,32.12000000000012,33.370000000000005,1,1,1.0
738,1,1733.4,575.44,32.799999999999955,31.159999999999968,1,1,1.0
739,1,1733.14,575.61,32.039999999999964,31.16999999999996,1,1,1.0
740,1,1732.89,575.78,31.25999999999999,31.170000000000073,1,1,1.0
741,1,1732.63,575.95,30.5,31.17999999999995,1,1,1.0
742,1,1732.38,576.12,29.7199999999998,31.17999999999995,1,1,1.0
743,1,1731.36,576.29,29.720000000000027,31.180000000000064,1,1,1.0
744,1,1730.34,576.46,29.720000000000027,31.17999999999995,1,1,1.0
745,1,1730.34,576.46,28.460000000000036,31.17999999999995,1,1,1.0
746,1,1730.34,576.46,27.190000000000055,31.17999999999995,1,1,1.0
747,1,1730.34,576.46,25.930000000000064,31.17999999999995,1,1,1.0
748,1,1730.34,576.46,24.660000000000082,31.17999999999995,1,1,1.0
749,1,1729.91,576.72,24.889999999999873,31.25,1,1,1.0
750,1,1729.49,576.99,25.1099999999999,31.309999999999945,1,1,1.0
751,1,1729.06,577.26,25.340000000000146,31.379999999999995,1,1,1.0
752,1,1728.63,577.53,25.569999999999936,31.440000000000055,1,1,1.0
753,1,1728.2,577.8,25.799999999999955,31.5,1,1,1.0
754,1,1725.49,578.64,28.539999999999964,31.590000000000032,1,1,1.0
755,1,1722.79,579.49,31.279999999999973,31.67999999999995,1,1,1.0
756,1,1720.08,580.33,34.01999999999998,31.769999999999982,1,1,1.0
757,1,1712.4,577.1,42.59999999999991,30.5,1,1,1.0
758,1,1706.12,576.4,52.7800000000002,31.350000000000023,1,1,1.0
759,1,1699.85,575.7,62.950000000000045,32.19999999999993,1,1,1.0
760,1,1692.72,578.41,73.18000000000006,29.790000000000077,1,1,1.0
761,1,1685.11,578.41,85.54000000000019,28.090000000000032,1,1,1.0
762,1,1677.5,578.41,97.90000000000009,26.389999999999986,1,1,1.0
763,1,1668.68,577.06,99.56999999999994,25.040000000000077,1,1,1.0
764,1,1659.86,575.7,101.24000000000001,23.699999999999932,1,1,1.0
765,1,1651.88,575.19,101.25,23.699999999999932,1,1,1.0
766,1,1643.91,574.68,101.24000000000001,23.700000000000045,1,1,1.0
767,1,1636.27,575.36,99.23000000000002,23.350000000000023,1,1,1.0
768,1,1628.64,576.04,97.19999999999982,23.0,1,1,1.0
769,1,1621.0,575.53,97.21000000000004,23.0,1,1,1.0
770,1,1613.37,575.02,97.20000000000005,23.0,1,1,1.0
771,1,1605.39,575.02,98.89999999999986,23.0,1,1,1.0
772,1,1597.42,575.02,100.57999999999993,23.0,1,1,1.0
773,1,1590.63,574.85,100.57999999999993,23.0,1,1,1.0
774,1,1583.85,574.68,100.58000000000015,23.0,1,1,1.0
775,1,1577.74,574.51,100.22000000000003,20.129999999999995,1,1,1.0
776,1,1571.63,574.34,99.86999999999989,17.25999999999999,1,1,1.0
777,1,1567.05,574.32,99.87000000000012,17.620000000000005,1,1,1.0
778,1,1562.47,574.3,99.86999999999989,17.980000000000018,1,1,1.0
779,1,1556.7,573.6,100.22000000000003,18.67999999999995,1,1,1.0
780,1,1550.93,572.9,100.56999999999994,19.379999999999995,1,1,1.0
781,1,1544.32,573.05,100.56000000000017,19.910000000000082,1,1,1.0
782,1,1537.7,573.2,100.56999999999994,20.43999999999994,1,1,1.0
783,1,1533.12,572.2,97.16000000000008,21.269999999999982,1,1,1.0
784,1,1528.54,571.2,93.75999999999999,22.09999999999991,1,1,1.0
785,1,1523.11,571.37,93.75999999999999,22.100000000000023,1,1,1.0
786,1,1517.68,571.54,93.75999999999999,22.100000000000023,1,1,1.0
787,1,1511.57,571.88,93.75999999999999,22.100000000000023,1,1,1.0
788,1,1505.47,572.22,93.75999999999999,22.100000000000023,1,1,1.0
789,1,1497.49,572.56,93.75999999999999,22.090000000000032,1,1,1.0
790,1,1489.52,572.9,93.75999999999999,22.090000000000032,1,1,1.0
791,1,1483.41,572.9,93.75999999999999,22.090000000000032,1,1,1.0
792,1,1477.3,572.9,93.75999999999999,22.090000000000032,1,1,1.0
793,1,1471.36,573.41,93.75999999999999,22.090000000000032,1,1,1.0
794,1,1465.43,573.92,93.75999999999999,22.090000000000032,1,1,1.0
795,1,1457.79,574.26,93.75999999999999,22.090000000000032,1,1,1.0
796,1,1450.16,574.59,93.75999999999999,22.100000000000023,1,1,1.0
797,1,1444.56,574.59,93.75999999999999,22.100000000000023,1,1,1.0
798,1,1438.96,574.59,93.75999999999999,22.100000000000023,1,1,1.0
799,1,1433.87,574.76,93.76000000000022,22.100000000000023,1,1,1.0
800,1,1428.78,574.93,93.75999999999999,22.100000000000023,1,1,1.0
801,1,1423.35,574.77,92.42000000000007,22.430000000000064,1,1,1.0
802,1,1417.92,574.6,91.07999999999993,22.769999999999982,1,1,1.0
803,1,1413.68,574.77,91.07999999999993,22.769999999999982,1,1,1.0
804,1,1409.44,574.94,91.07999999999993,22.769999999999982,1,1,1.0
805,1,1404.52,575.96,91.07999999999993,22.769999999999982,1,1,1.0
806,1,1399.6,576.97,91.08000000000015,22.769999999999982,1,1,1.0
807,1,1396.03,576.97,91.07999999999993,22.769999999999982,1,1,1.0
808,1,1392.47,576.97,91.07999999999993,22.769999999999982,1,1,1.0
809,1,1388.74,577.31,91.07999999999993,22.770000000000095,1,1,1.0
810,1,1385.01,577.65,91.07999999999993,22.769999999999982,1,1,1.0
811,1,1383.5,578.48,87.99000000000001,22.42999999999995,1,1,1.0
812,1,1382.0,579.3,84.90000000000009,22.100000000000023,1,1,1.0
813,1,1386.4,579.3,73.04999999999995,21.75,1,1,1.0
814,1,1390.8,579.3,61.200000000000045,21.40000000000009,1,1,1.0
815,1,1393.14,580.66,57.5,23.800000000000068,1,1,1.0
816,1,1392.27,578.63,52.25,29.049999999999955,1,1,1.0
817,1,1391.4,576.6,47.0,34.299999999999955,1,1,1.0
818,1,1391.4,575.06,43.799999999999955,36.5,1,1,1.0
819,1,1391.4,573.52,40.59999999999991,38.700000000000045,1,1,1.0
820,1,1389.7,572.5,40.59999999999991,38.700000000000045,1,1,1.0
821,1,1388.01,571.48,40.59999999999991,38.69999999999993,1,1,1.0
822,1,1386.99,571.14,40.59999999999991,38.700000000000045,1,1,1.0
823,1,1385.97,570.8,40.59999999999991,38.700000000000045,1,1,1.0
824,1,1385.99,569.45,41.08999999999992,39.049999999999955,1,1,1.0
825,1,1386.0,568.09,41.58999999999992,39.40999999999997,1,1,1.0
826,1,1384.45,566.05,43.819999999999936,40.25,1,1,1.0
827,1,1382.9,564.02,46.049999999999955,41.08000000000004,1,1,1.0
828,1,1381.7,562.66,47.919999999999845,40.389999999999986,1,1,1.0
829,1,1380.5,561.3,49.799999999999955,39.700000000000045,1,1,1.0
830,1,1380.15,559.44,50.82999999999993,41.20999999999992,1,1,1.0
831,1,1379.8,557.57,51.86000000000013,42.729999999999905,1,1,1.0
832,1,1377.95,556.72,54.559999999999945,42.07999999999993,1,1,1.0
833,1,1376.1,555.87,57.25999999999999,41.42999999999995,1,1,1.0
834,1,1374.75,557.04,57.930000000000064,36.01999999999998,1,1,1.0
835,1,1373.4,558.22,58.59999999999991,30.600000000000023,1,1,1.0
836,1,1381.55,557.2,50.100000000000136,29.25999999999999,1,1,1.0
837,1,1389.7,556.18,41.59999999999991,27.920000000000073,1,1,1.0
838,1,1396.0,555.49,35.299999999999955,28.960000000000036,1,1,1.0
839,1,1402.3,554.8,29.0,30.0,1,1,1.0
840,1,1403.65,554.8,27.919999999999845,30.200000000000045,1,1,1.0
841,1,1405.0,554.8,26.839999999999918,30.40000000000009,1,1,1.0
842,1,1406.35,554.8,25.75999999999999,30.600000000000023,1,1,1.0
843,1,1407.71,554.8,24.680000000000064,30.800000000000068,1,1,1.0
844,1,1409.06,554.8,23.600000000000136,31.0,1,1,1.0
845,1,1410.63,554.69,22.36999999999989,29.299999999999955,1,1,1.0
846,1,1412.19,554.57,21.149999999999864,27.620000000000005,1,1,1.0
847,1,1413.76,554.46,19.910000000000082,25.91999999999996,1,1,1.0
848,1,1414.27,554.63,19.910000000000082,25.91999999999996,1,1,1.0
849,1,1414.78,554.8,19.910000000000082,25.920000000000073,1,1,1.0
850,1,1415.29,555.48,19.910000000000082,25.91999999999996,1,1,1.0
851,1,1415.8,556.16,19.910000000000082,25.920000000000073,1,1,1.0
852,1,1415.8,556.16,19.910000000000082,26.190000000000055,1,1,1.0
853,1,1415.8,556.16,19.910000000000082,26.460000000000036,1,1,1.0
854,1,1415.8,556.16,19.910000000000082,26.730000000000018,1,1,1.0
855,1,1415.8,556.16,19.910000000000082,27.0,1,1,1.0
856,1,1415.8,556.16,19.910000000000082,27.269999999999982,1,1,1.0
857,1,1415.8,556.16,19.910000000000082,27.550000000000068,1,1,1.0
858,1,1415.8,556.16,19.910000000000082,27.82000000000005,1,1,1.0
859,1,1415.8,556.16,19.910000000000082,28.090000000000032,1,1,1.0
860,1,1415.8,556.16,19.910000000000082,28.360000000000014,1,1,1.0
861,1,1415.8,556.16,19.910000000000082,28.629999999999995,1,1,1.0
862,1,1415.8,556.16,19.910000000000082,28.899999999999977,1,1,1.0
863,1,1415.8,556.16,19.910000000000082,29.170000000000073,1,1,1.0
864,1,1415.8,556.16,19.910000000000082,29.440000000000055,1,1,1.0
865,1,1415.8,556.16,19.910000000000082,29.710000000000036,1,1,1.0
866,1,1415.8,556.16,19.910000000000082,29.980000000000018,1,1,1.0
867,1,1415.8,556.16,19.910000000000082,30.25999999999999,1,1,1.0
868,1,1415.8,556.16,19.910000000000082,30.530000000000086,1,1,1.0
869,1,1415.8,556.16,19.910000000000082,30.800000000000068,1,1,1.0
870,1,1415.8,556.16,19.910000000000082,31.07000000000005,1,1,1.0
871,1,1415.8,556.16,19.910000000000082,31.340000000000032,1,1,1.0
872,1,1411.0,556.16,24.710000000000036,31.340000000000032,1,1,1.0
873,1,1405.91,555.82,33.88999999999987,25.279999999999973,1,1,1.0
874,1,1404.04,556.16,36.25999999999999,25.290000000000077,1,1,1.0
875,1,1402.18,556.5,38.61999999999989,25.299999999999955,1,1,1.0
876,1,1399.12,556.5,41.680000000000064,27.350000000000023,1,1,1.0
877,1,1396.07,556.5,44.73000000000002,29.399999999999977,1,1,1.0
878,1,1394.71,556.5,47.26999999999998,29.889999999999986,1,1,1.0
879,1,1393.35,556.5,49.81000000000017,30.379999999999995,1,1,1.0
880,1,1390.81,556.33,53.37000000000012,30.559999999999945,1,1,1.0
881,1,1388.26,556.16,56.940000000000055,30.74000000000001,1,1,1.0
882,1,1386.57,555.48,56.930000000000064,30.74000000000001,1,1,1.0
883,1,1384.87,556.16,59.63000000000011,31.440000000000055,1,1,1.0
884,1,1383.85,556.16,59.63000000000011,31.440000000000055,1,1,1.0
885,1,1382.83,556.16,59.63000000000011,31.440000000000055,1,1,1.0
886,1,1380.97,555.48,59.309999999999945,31.970000000000027,1,1,1.0
887,1,1379.1,554.8,59.0,32.5,1,1,1.0
888,1,1377.07,554.97,58.99000000000001,32.5,1,1,1.0
889,1,1375.03,555.14,59.0,32.5,1,1,1.0
890,1,1367.39,555.82,58.669999999999845,33.0,1,1,1.0
891,1,1359.76,556.5,58.33999999999992,33.5,1,1,1.0
892,1,1353.82,556.5,66.48000000000002,32.64999999999998,1,1,1.0
893,1,1347.88,556.5,74.61999999999989,31.799999999999955,1,1,1.0
894,1,1342.09,556.85,82.75999999999999,28.25,1,1,1.0
895,1,1336.3,557.2,90.90000000000009,24.699999999999932,1,1,1.0
896,1,1331.21,558.75,99.74000000000001,25.0,1,1,1.0
897,1,1326.12,560.3,108.58000000000015,25.300000000000068,1,1,1.0
898,1,1319.5,560.81,108.57999999999993,25.300000000000068,1,1,1.0
899,1,1312.89,561.32,108.57999999999993,25.299999999999955,1,1,1.0
900,1,1307.12,562.0,110.58000000000015,25.639999999999986,1,1,1.0
