1,1,1763.8,718.65,62.5,127.64999999999998,1,1,1.0
2,1,1761.16,713.63,64.11999999999989,127.90999999999997,1,1,1.0
3,1,1758.52,708.61,65.74000000000001,128.16999999999996,1,1,1.0
4,1,1755.88,703.59,67.3599999999999,128.42999999999995,1,1,1.0
5,1,1753.25,698.57,68.97000000000003,128.68999999999994,1,1,1.0
6,1,1750.61,693.55,70.59000000000015,128.95000000000005,1,1,1.0
7,1,1749.33,690.23,70.59000000000015,128.94999999999993,1,1,1.0
8,1,1748.06,686.92,70.59000000000015,128.94000000000005,1,1,1.0
9,1,1746.78,683.6,70.58999999999992,128.93999999999994,1,1,1.0
10,1,1745.5,680.28,70.58999999999992,128.95000000000005,1,1,1.0
11,1,1744.23,676.96,70.58999999999992,128.94999999999993,1,1,1.0
12,1,1742.87,674.07,70.59000000000015,128.93999999999994,1,1,1.0
13,1,1741.5,671.17,70.59999999999991,128.95000000000005,1,1,1.0
14,1,1740.14,668.28,70.58999999999992,128.95000000000005,1,1,1.0
15,1,1738.78,665.39,70.58999999999992,128.94000000000005,1,1,1.0
16,1,1737.42,662.49,70.58999999999992,128.95000000000005,1,1,1.0
17,1,1736.4,660.03,68.02999999999997,129.70000000000005,1,1,1.0
18,1,1735.38,657.56,65.4699999999998,130.46000000000004,1,1,1.0
19,1,1734.36,655.09,62.90000000000009,131.23000000000002,1,1,1.0
20,1,1733.33,652.62,60.350000000000136,131.99,1,1,1.0
21,1,1732.31,650.15,57.789999999999964,132.75,1,1,1.0
22,1,1731.04,648.03,56.600000000000136,132.83000000000004,1,1,1.0
23,1,1729.76,645.9,55.42000000000007,132.92000000000007,1,1,1.0
24,1,1728.48,643.77,54.24000000000001,133.01,1,1,1.0
25,1,1727.21,641.64,53.049999999999955,133.10000000000002,1,1,1.0
26,1,1725.93,639.52,51.86999999999989,133.18000000000006,1,1,1.0
27,1,1726.03,636.45,52.11000000000013,128.92999999999995,1,1,1.0
28,1,1726.12,633.39,52.36000000000013,124.66999999999996,1,1,1.0
29,1,1726.21,630.33,52.6099999999999,120.40999999999997,1,1,1.0
30,1,1726.31,627.26,52.850000000000136,116.15999999999997,1,1,1.0
31,1,1726.4,624.2,53.09999999999991,111.89999999999998,1,1,1.0
32,1,1722.74,618.24,58.37999999999988,113.10000000000002,1,1,1.0
33,1,1719.08,612.29,63.65000000000009,114.29000000000008,1,1,1.0
34,1,1715.42,606.33,68.92999999999984,115.49000000000001,1,1,1.0
35,1,1711.76,600.38,74.21000000000004,116.67999999999995,1,1,1.0
36,1,1708.1,594.42,79.48000000000002,117.88,1,1,1.0
37,1,1712.86,589.74,79.66000000000008,116.67999999999995,1,1,1.0
38,1,1717.62,585.06,79.83000000000015,115.48000000000002,1,1,1.0
39,1,1722.38,580.38,80.00999999999999,114.27999999999997,1,1,1.0
40,1,1727.14,575.7,80.17999999999984,113.07999999999993,1,1,1.0
41,1,1731.9,571.02,80.3599999999999,111.88,1,1,1.0
42,1,1731.9,566.85,83.84999999999991,110.61000000000001,1,1,1.0
43,1,1731.9,562.68,87.33999999999992,109.34000000000003,1,1,1.0
44,1,1731.9,558.51,90.82999999999993,108.07000000000005,1,1,1.0
45,1,1731.9,554.34,94.30999999999995,106.79999999999995,1,1,1.0
46,1,1731.9,550.17,97.79999999999995,105.53000000000009,1,1,1.0
47,1,1734.36,546.68,97.98000000000002,105.2700000000001,1,1,1.0
48,1,1736.83,543.19,98.15000000000009,105.01999999999998,1,1,1.0
49,1,1739.29,539.7,98.32999999999993,104.75999999999999,1,1,1.0
50,1,1741.76,536.22,98.49000000000001,104.5,1,1,1.0
51,1,1744.22,532.73,98.67000000000007,104.24000000000001,1,1,1.0
52,1,1747.54,527.71,94.84000000000015,104.32999999999993,1,1,1.0
53,1,1750.85,522.69,91.01999999999998,104.40999999999997,1,1,1.0
54,1,1754.17,517.67,87.18999999999983,104.5,1,1,1.0
55,1,1757.48,512.65,83.36999999999989,104.58000000000004,1,1,1.0
56,1,1760.8,507.62,79.53999999999996,104.67999999999995,1,1,1.0
57,1,1767.1,503.54,73.75,108.23999999999995,1,1,1.0
58,1,1773.4,499.46,67.95999999999981,111.80000000000001,1,1,1.0
59,1,1779.7,495.37,62.180000000000064,115.37,1,1,1.0
60,1,1786.0,491.29,56.3900000000001,118.93,1,1,1.0
61,1,1792.3,487.2,50.600000000000136,122.50000000000006,1,1,1.0
62,1,1795.78,483.29,48.23000000000002,124.70999999999998,1,1,1.0
63,1,1799.26,479.37,45.84999999999991,126.92999999999995,1,1,1.0
64,1,1802.74,475.46,43.48000000000002,129.14000000000004,1,1,1.0
65,1,1806.22,471.55,41.09999999999991,131.34999999999997,1,1,1.0
66,1,1809.7,467.63,38.73000000000002,133.57000000000005,1,1,1.0
67,1,1810.04,465.84,43.24000000000001,128.8,1,1,1.0
68,1,1810.38,464.06,47.75,124.02000000000004,1,1,1.0
69,1,1810.72,462.27,52.25999999999999,119.25,1,1,1.0
70,1,1811.06,460.48,56.76999999999998,114.48000000000002,1,1,1.0
71,1,1811.4,458.7,61.27999999999997,109.69999999999999,1,1,1.0
72,1,1807.82,454.02,67.84000000000015,107.48000000000002,1,1,1.0
73,1,1804.24,449.34,74.40000000000009,105.26000000000005,1,1,1.0
74,1,1800.66,444.66,80.95999999999981,103.04000000000002,1,1,1.0
75,1,1797.08,439.98,87.51999999999998,100.81999999999994,1,1,1.0
76,1,1793.5,435.3,94.06999999999994,98.59999999999997,1,1,1.0
77,1,1797.08,431.55,93.13000000000011,99.36999999999995,1,1,1.0
78,1,1800.66,427.81,92.18999999999983,100.13000000000005,1,1,1.0
79,1,1804.24,424.07,91.25,100.89000000000004,1,1,1.0
80,1,1807.82,420.32,90.29999999999995,101.66000000000003,1,1,1.0
81,1,1811.4,416.58,89.3599999999999,102.42000000000002,1,1,1.0
82,1,1813.61,414.19,89.36000000000013,102.43,1,1,1.0
83,1,1815.83,411.81,89.36000000000013,102.43,1,1,1.0
84,1,1818.04,409.43,89.36000000000013,102.42000000000002,1,1,1.0
85,1,1820.25,407.05,89.3599999999999,102.42000000000002,1,1,1.0
86,1,1822.46,404.67,89.36999999999989,102.41999999999996,1,1,1.0
87,1,1826.47,403.9,87.82999999999993,96.21000000000004,1,1,1.0
88,1,1830.48,403.13,86.29999999999995,90.0,1,1,1.0
89,1,1834.49,402.37,84.75999999999999,83.79000000000002,1,1,1.0
90,1,1838.49,401.6,83.24000000000001,77.57999999999998,1,1,1.0
91,1,1842.5,400.84,81.70000000000005,71.36000000000001,1,1,1.0
92,1,1846.24,397.35,80.08999999999992,71.10999999999996,1,1,1.0
93,1,1849.98,393.86,78.47000000000003,70.86000000000001,1,1,1.0
94,1,1853.72,390.37,76.8599999999999,70.61000000000001,1,1,1.0
95,1,1857.46,386.88,75.25,70.36000000000001,1,1,1.0
96,1,1861.2,383.39,73.63999999999987,70.11000000000001,1,1,1.0
97,1,1863.66,379.48,74.5,73.07999999999998,1,1,1.0
98,1,1866.12,375.56,75.35000000000014,76.06,1,1,1.0
99,1,1868.58,371.65,76.21000000000004,79.03000000000003,1,1,1.0
100,1,1871.04,367.73,77.06999999999994,82.00999999999999,1,1,1.0
101,1,1873.5,363.82,77.93000000000006,84.98000000000002,1,1,1.0
102,1,1875.46,360.16,77.93000000000006,84.97999999999996,1,1,1.0
103,1,1877.41,356.5,77.92999999999984,84.98000000000002,1,1,1.0
104,1,1879.37,352.84,77.93000000000006,84.98000000000002,1,1,1.0
105,1,1881.33,349.19,77.93000000000006,84.97000000000003,1,1,1.0
106,1,1883.29,345.53,77.93000000000006,84.98000000000002,1,1,1.0
107,1,1888.81,340.42,72.41000000000008,88.38,1,1,1.0
108,1,1894.33,335.32,66.8900000000001,91.78000000000003,1,1,1.0
109,1,1899.85,330.21,61.37000000000012,95.19,1,1,1.0
110,1,1905.38,325.11,55.83999999999992,98.58999999999997,1,1,1.0
111,1,1910.9,320.0,50.319999999999936,102.0,1,1,1.0
112,1,1912.68,315.92,48.36999999999989,102.58999999999997,1,1,1.0
113,1,1914.46,311.84,46.430000000000064,103.18,1,1,1.0
114,1,1916.24,307.76,44.49000000000001,103.76999999999998,1,1,1.0
115,1,1918.02,303.68,42.539999999999964,104.37,1,1,1.0
116,1,1919.8,299.6,40.600000000000136,104.95999999999998,1,1,1.0
117,1,1920.14,294.15,40.07999999999993,107.52000000000004,1,1,1.0
118,1,1920.48,288.71,39.559999999999945,110.06,1,1,1.0
119,1,1920.82,283.26,39.039999999999964,112.62,1,1,1.0
120,1,1921.16,277.82,38.51999999999998,115.17000000000002,1,1,1.0
121,1,1921.5,272.37,38.0,117.73000000000002,1,1,1.0
122,1,1920.48,267.77,38.25999999999999,117.23000000000002,1,1,1.0
123,1,1919.46,263.18,38.51999999999998,116.71999999999997,1,1,1.0
124,1,1918.44,258.58,38.77999999999997,116.22000000000003,1,1,1.0
125,1,1917.42,253.99,39.039999999999964,115.70999999999998,1,1,1.0
126,1,1916.4,249.39,39.299999999999955,115.21000000000004,1,1,1.0
127,1,1915.63,245.74,39.299999999999955,115.19999999999999,1,1,1.0
128,1,1914.86,242.08,39.31000000000017,115.19999999999996,1,1,1.0
129,1,1914.1,238.42,39.30000000000018,115.20000000000002,1,1,1.0
130,1,1913.33,234.76,39.31000000000017,115.19999999999999,1,1,1.0
131,1,1912.57,231.1,39.299999999999955,115.21000000000001,1,1,1.0
132,1,1912.23,227.87,37.430000000000064,115.44999999999999,1,1,1.0
133,1,1911.89,224.63,35.549999999999955,115.70999999999998,1,1,1.0
134,1,1911.55,221.4,33.680000000000064,115.96000000000001,1,1,1.0
135,1,1911.21,218.17,31.799999999999955,116.21000000000001,1,1,1.0
136,1,1910.87,214.93,29.930000000000064,116.46999999999997,1,1,1.0
137,1,1901.93,217.06,35.86999999999989,105.19,1,1,1.0
138,1,1893.0,219.19,41.799999999999955,93.91000000000003,1,1,1.0
139,1,1880.66,224.72,59.24000000000001,81.58000000000001,1,1,1.0
140,1,1870.45,224.3,72.84999999999991,66.69999999999999,1,1,1.0
141,1,1865.77,224.3,79.63000000000011,49.30000000000001,1,1,1.0
142,1,1859.39,222.6,86.65999999999985,55.890000000000015,1,1,1.0
143,1,1853.0,220.9,93.70000000000005,62.48999999999998,1,1,1.0
144,1,1844.92,217.5,92.62999999999988,73.75999999999999,1,1,1.0
145,1,1836.84,214.1,91.56000000000017,85.03,1,1,1.0
146,1,1829.6,217.5,91.35000000000014,88.00999999999999,1,1,1.0
147,1,1822.37,220.9,91.13000000000011,90.98999999999998,1,1,1.0
148,1,1816.41,225.99,89.83999999999992,91.21999999999997,1,1,1.0
149,1,1810.46,231.08,88.53999999999996,91.44999999999996,1,1,1.0
150,1,1803.44,236.61,88.53999999999996,91.44999999999999,1,1,1.0
151,1,1796.42,242.14,88.53999999999996,91.44999999999999,1,1,1.0
152,1,1793.44,245.97,88.53999999999996,91.45000000000002,1,1,1.0
153,1,1788.55,250.22,88.53999999999996,91.45000000000002,1,1,1.0
154,1,1783.65,254.48,88.53999999999996,91.45000000000002,1,1,1.0
155,1,1779.82,260.44,88.53999999999996,90.38,1,1,1.0
156,1,1776.0,266.4,88.53999999999996,89.31,1,1,1.0
157,1,1771.1,271.3,91.32000000000016,88.44999999999999,1,1,1.0
158,1,1766.21,276.2,94.08999999999992,87.60000000000002,1,1,1.0
159,1,1762.17,280.05,93.23000000000002,87.14999999999998,1,1,1.0
160,1,1758.12,283.9,92.38000000000011,86.70000000000005,1,1,1.0
161,1,1754.72,287.3,92.37999999999988,86.70999999999998,1,1,1.0
162,1,1751.32,290.71,92.37000000000012,86.70000000000005,1,1,1.0
163,1,1747.91,293.9,92.37999999999988,86.70000000000005,1,1,1.0
164,1,1744.51,297.09,92.37000000000012,86.70000000000005,1,1,1.0
165,1,1740.47,301.13,92.36999999999989,86.70999999999998,1,1,1.0
166,1,1736.43,305.17,92.36999999999989,86.70999999999998,1,1,1.0
167,1,1733.45,307.81,92.36999999999989,86.70999999999998,1,1,1.0
168,1,1730.47,310.45,92.36999999999989,86.69999999999999,1,1,1.0
169,1,1727.49,313.09,92.37999999999988,86.70000000000005,1,1,1.0
170,1,1724.51,315.73,92.38000000000011,86.69999999999999,1,1,1.0
171,1,1721.54,318.36,92.37000000000012,86.70999999999998,1,1,1.0
172,1,1719.15,321.69,87.43999999999983,91.20999999999998,1,1,1.0
173,1,1716.77,325.02,82.5,95.70000000000005,1,1,1.0
174,1,1714.39,328.35,77.54999999999995,100.19999999999999,1,1,1.0
175,1,1712.01,331.67,72.6099999999999,104.70999999999998,1,1,1.0
176,1,1709.62,335.0,67.68000000000006,109.20999999999998,1,1,1.0
177,1,1704.94,343.26,68.27999999999997,109.71000000000004,1,1,1.0
178,1,1700.26,351.52,68.88000000000011,110.22000000000003,1,1,1.0
179,1,1695.58,359.78,69.48000000000002,110.72000000000003,1,1,1.0
180,1,1690.9,368.04,70.07999999999993,111.22999999999996,1,1,1.0
181,1,1686.22,376.3,70.68000000000006,111.72999999999996,1,1,1.0
182,1,1682.65,382.08,69.38999999999987,113.10000000000002,1,1,1.0
183,1,1679.08,387.86,68.10000000000014,114.46999999999997,1,1,1.0
184,1,1675.5,393.64,66.81999999999994,115.84000000000003,1,1,1.0
185,1,1671.93,399.42,65.52999999999997,117.19999999999999,1,1,1.0
186,1,1668.35,405.2,64.25,118.57,1,1,1.0
187,1,1665.55,410.64,62.789999999999964,118.83000000000004,1,1,1.0
188,1,1662.74,416.08,61.33999999999992,119.08999999999997,1,1,1.0
189,1,1659.93,421.52,59.88999999999987,119.35000000000002,1,1,1.0
190,1,1657.12,426.96,58.440000000000055,119.62000000000006,1,1,1.0
191,1,1654.31,432.4,56.99000000000001,119.88,1,1,1.0
192,1,1652.1,438.02,56.74000000000001,119.78999999999996,1,1,1.0
193,1,1649.89,443.64,56.49000000000001,119.70000000000005,1,1,1.0
194,1,1647.68,449.26,56.24000000000001,119.61000000000001,1,1,1.0
195,1,1645.47,454.88,55.99000000000001,119.51999999999998,1,1,1.0
196,1,1643.25,460.5,55.75,119.42999999999995,1,1,1.0
197,1,1642.56,468.58,49.799999999999955,120.20999999999998,1,1,1.0
198,1,1641.87,476.66,43.850000000000136,120.97999999999996,1,1,1.0
199,1,1641.18,484.74,37.899999999999864,121.75,1,1,1.0
200,1,1640.49,492.82,31.950000000000045,122.53000000000003,1,1,1.0
201,1,1639.8,500.9,26.0,123.30000000000007,1,1,1.0
202,1,1638.36,510.6,28.460000000000036,123.29999999999995,1,1,1.0
203,1,1636.92,520.3,30.919999999999845,123.30000000000007,1,1,1.0
204,1,1635.48,530.0,33.37999999999988,123.29999999999995,1,1,1.0
205,1,1634.04,539.7,35.840000000000146,123.29999999999995,1,1,1.0
206,1,1632.6,549.4,38.30000000000018,123.30000000000007,1,1,1.0
207,1,1631.75,557.06,34.65000000000009,123.38000000000011,1,1,1.0
208,1,1630.9,564.72,31.0,123.47000000000003,1,1,1.0
209,1,1630.05,572.38,27.350000000000136,123.54999999999995,1,1,1.0
210,1,1629.2,580.04,23.700000000000045,123.63,1,1,1.0
211,1,1628.35,587.7,20.050000000000182,123.71999999999991,1,1,1.0
212,1,1627.58,594.16,21.5,123.04000000000008,1,1,1.0
213,1,1626.81,600.62,22.950000000000045,122.37,1,1,1.0
214,1,1626.04,607.08,24.40000000000009,121.69999999999993,1,1,1.0
215,1,1625.27,613.54,25.84999999999991,121.01999999999998,1,1,1.0
216,1,1624.5,620.0,27.299999999999955,120.35000000000002,1,1,1.0
217,1,1623.56,632.24,27.730000000000018,115.85000000000002,1,1,1.0
218,1,1622.62,644.48,28.160000000000082,111.36000000000001,1,1,1.0
219,1,1621.68,656.72,28.589999999999918,106.86000000000001,1,1,1.0
220,1,1620.74,668.96,29.019999999999982,102.36000000000001,1,1,1.0
221,1,1619.8,681.2,29.450000000000045,97.87,1,1,1.0
222,1,1622.6,687.16,27.930000000000064,99.13999999999999,1,1,1.0
223,1,1625.4,693.12,26.399999999999864,100.40999999999997,1,1,1.0
224,1,1628.2,699.08,24.87999999999988,101.67999999999995,1,1,1.0
225,1,1631.0,705.04,23.3599999999999,102.96000000000004,1,1,1.0
226,1,1633.8,711.0,21.830000000000155,104.23000000000002,1,1,1.0
227,1,1633.2,715.08,23.1099999999999,105.59999999999991,1,1,1.0
228,1,1632.6,719.16,24.3900000000001,106.96000000000004,1,1,1.0
229,1,1632.0,723.24,25.680000000000064,108.33000000000004,1,1,1.0
230,1,1631.4,727.32,26.95999999999981,109.68999999999994,1,1,1.0
231,1,1630.8,731.4,28.24000000000001,111.06000000000006,1,1,1.0
232,1,1632.16,735.74,27.559999999999945,111.56999999999994,1,1,1.0
233,1,1633.52,740.08,26.88000000000011,112.07999999999993,1,1,1.0
234,1,1634.88,744.42,26.199999999999818,112.59000000000003,1,1,1.0
235,1,1636.24,748.76,25.519999999999982,113.10000000000002,1,1,1.0
236,1,1637.6,753.1,24.840000000000146,113.61000000000001,1,1,1.0
237,1,1638.61,757.95,23.910000000000082,112.75999999999999,1,1,1.0
238,1,1639.63,762.81,22.97999999999979,111.90000000000009,1,1,1.0
239,1,1640.64,767.66,22.049999999999955,111.05000000000007,1,1,1.0
240,1,1641.66,772.52,21.11999999999989,110.19000000000005,1,1,1.0
241,1,1642.67,777.37,20.189999999999827,109.34000000000003,1,1,1.0
242,1,1642.33,786.48,23.0,104.90999999999997,1,1,1.0
243,1,1641.99,795.58,25.809999999999945,100.49000000000001,1,1,1.0
244,1,1641.65,804.69,28.61999999999989,96.05999999999995,1,1,1.0
245,1,1641.31,813.79,31.420000000000073,91.63999999999999,1,1,1.0
246,1,1640.97,822.9,34.23000000000002,87.21000000000004,1,1,1.0
247,1,1640.29,827.32,31.090000000000146,88.56999999999994,1,1,1.0
248,1,1639.61,831.74,27.950000000000045,89.93999999999994,1,1,1.0
249,1,1638.93,836.16,24.809999999999945,91.31000000000006,1,1,1.0
250,1,1638.25,840.58,21.670000000000073,92.66999999999996,1,1,1.0
251,1,1637.57,845.0,18.529999999999973,94.03999999999996,1,1,1.0
252,1,1637.31,849.42,18.529999999999973,94.04000000000008,1,1,1.0
253,1,1637.06,853.85,18.529999999999973,94.03999999999996,1,1,1.0
254,1,1636.8,858.27,18.529999999999973,94.03999999999996,1,1,1.0
255,1,1636.55,862.7,18.529999999999973,94.03999999999996,1,1,1.0
256,1,1636.29,867.12,18.529999999999973,94.03999999999996,1,1,1.0
257,1,1635.95,871.98,18.529999999999973,93.35000000000002,1,1,1.0
258,1,1635.61,876.83,18.5300000000002,92.66999999999996,1,1,1.0
259,1,1635.27,881.69,18.529999999999973,91.9799999999999,1,1,1.0
260,1,1634.93,886.54,18.529999999999973,91.30000000000007,1,1,1.0
261,1,1634.59,891.4,18.529999999999973,90.61000000000001,1,1,1.0
262,1,1634.5,894.54,17.8599999999999,91.21000000000004,1,1,1.0
263,1,1634.42,897.68,17.169999999999845,91.82000000000005,1,1,1.0
264,1,1634.33,900.82,16.5,92.41999999999996,1,1,1.0
265,1,1634.25,903.96,15.809999999999945,93.02999999999997,1,1,1.0
266,1,1634.16,907.1,15.139999999999873,93.63,1,1,1.0
267,1,1634.08,909.82,15.1400000000001,94.13999999999999,1,1,1.0
268,1,1633.99,912.54,15.1400000000001,94.66000000000008,1,1,1.0
269,1,1633.91,915.26,15.139999999999873,95.16999999999996,1,1,1.0
270,1,1633.82,917.98,15.1400000000001,95.68999999999994,1,1,1.0
271,1,1633.74,920.7,15.1400000000001,96.19999999999993,1,1,1.0
272,1,1633.49,923.18,15.220000000000027,96.36000000000001,1,1,1.0
273,1,1633.24,925.66,15.289999999999964,96.50999999999999,1,1,1.0
274,1,1633.0,928.14,15.3599999999999,96.66999999999996,1,1,1.0
275,1,1632.75,930.62,15.440000000000055,96.83000000000004,1,1,1.0
276,1,1632.5,933.1,15.519999999999982,96.9899999999999,1,1,1.0
277,1,1632.16,936.84,16.62999999999988,95.80000000000007,1,1,1.0
278,1,1631.82,940.58,17.74000000000001,94.61000000000001,1,1,1.0
279,1,1631.48,944.32,18.839999999999918,93.42999999999995,1,1,1.0
280,1,1631.14,948.06,19.949999999999818,92.24000000000001,1,1,1.0
281,1,1630.8,951.8,21.049999999999955,91.04999999999995,1,1,1.0
282,1,1629.26,956.82,23.700000000000045,91.31000000000006,1,1,1.0
283,1,1627.72,961.84,26.34999999999991,91.56000000000006,1,1,1.0
284,1,1626.18,966.86,28.99000000000001,91.82000000000005,1,1,1.0
285,1,1624.64,971.88,31.639999999999873,92.07000000000005,1,1,1.0
286,1,1623.1,976.9,34.2800000000002,92.33000000000004,1,1,1.0
287,1,1624.3,979.2,33.080000000000155,94.02999999999997,1,1,1.0
288,1,1625.5,981.5,31.88000000000011,95.73000000000002,1,1,1.0
289,1,1626.7,983.8,30.680000000000064,97.43000000000006,1,1,1.0
290,1,1627.9,986.1,29.480000000000018,99.13,1,1,1.0
291,1,1629.1,988.4,28.2800000000002,100.83000000000004,1,1,1.0
292,1,1629.53,992.22,28.279999999999973,100.32999999999993,1,1,1.0
293,1,1629.95,996.04,28.289999999999964,99.81999999999994,1,1,1.0
294,1,1630.38,999.86,28.279999999999973,99.32000000000005,1,1,1.0
295,1,1630.8,1003.68,28.289999999999964,98.82000000000005,1,1,1.0
296,1,1631.23,1007.5,28.279999999999973,98.31999999999994,1,1,1.0
297,1,1630.55,1010.56,29.559999999999945,97.80999999999995,1,1,1.0
298,1,1629.87,1013.62,30.840000000000146,97.31000000000006,1,1,1.0
299,1,1629.18,1016.68,32.11999999999989,96.80000000000007,1,1,1.0
300,1,1628.5,1019.74,33.40000000000009,96.28999999999996,1,1,1.0
301,1,1627.82,1022.8,34.680000000000064,95.77999999999997,1,1,1.0
302,1,1627.14,1025.18,35.87999999999988,96.04999999999995,1,1,1.0
303,1,1626.46,1027.56,37.07999999999993,96.30999999999995,1,1,1.0
304,1,1625.78,1029.94,38.27999999999997,96.56999999999994,1,1,1.0
305,1,1625.1,1032.32,39.48000000000002,96.84000000000015,1,1,1.0
306,1,1624.42,1034.7,40.679999999999836,97.09999999999991,1,1,1.0
307,1,1624.25,1035.98,39.91000000000008,97.8599999999999,1,1,1.0
308,1,1624.08,1037.26,39.1400000000001,98.62000000000012,1,1,1.0
309,1,1623.91,1038.54,38.36999999999989,99.3900000000001,1,1,1.0
310,1,1623.74,1039.82,37.59999999999991,100.15000000000009,1,1,1.0
311,1,1623.57,1041.1,36.830000000000155,100.91000000000008,1,1,1.0
312,1,1624.43,1047.7,34.47000000000003,95.15999999999985,1,1,1.0
313,1,1625.3,1054.3,32.100000000000136,89.40000000000009,1,1,1.0
314,1,1622.55,1060.9,36.75,85.54999999999995,1,1,1.0
315,1,1619.8,1067.5,41.40000000000009,81.70000000000005,1,1,1.0
316,1,1618.5,1068.8,45.25,84.65000000000009,1,1,1.0
317,1,1617.64,1071.1,49.0,87.38000000000011,1,1,1.0
318,1,1616.78,1073.4,52.75,90.1099999999999,1,1,1.0
319,1,1615.92,1075.7,56.5,92.83999999999992,1,1,1.0
320,1,1615.06,1078.0,60.25,95.56999999999994,1,1,1.0
321,1,1614.2,1080.3,64.0,98.29999999999995,1,1,1.0
322,1,1616.16,1083.45,64.0,98.29999999999995,1,1,1.0
323,1,1618.11,1086.6,64.0,98.30000000000018,1,1,1.0
324,1,1620.07,1089.75,64.0,98.29999999999995,1,1,1.0
325,1,1622.03,1092.89,64.0,98.29999999999995,1,1,1.0
326,1,1623.99,1096.04,64.0,98.29999999999995,1,1,1.0
327,1,1625.69,1098.77,63.82999999999993,98.38000000000011,1,1,1.0
328,1,1627.39,1101.51,63.659999999999854,98.45000000000005,1,1,1.0
329,1,1629.09,1104.24,63.49000000000001,98.52999999999997,1,1,1.0
330,1,1630.8,1106.97,63.309999999999945,98.59999999999991,1,1,1.0
331,1,1632.5,1109.7,63.1400000000001,98.68000000000006,1,1,1.0
332,1,1634.38,1111.74,62.539999999999964,98.94000000000005,1,1,1.0
333,1,1636.26,1113.78,61.940000000000055,99.20000000000005,1,1,1.0
334,1,1638.14,1115.82,61.32999999999993,99.45000000000005,1,1,1.0
335,1,1640.02,1117.86,60.73000000000002,99.71000000000004,1,1,1.0
336,1,1641.9,1119.9,60.12999999999988,99.9699999999998,1,1,1.0
337,1,1643.7,1121.78,59.25999999999999,99.96000000000004,1,1,1.0
338,1,1645.5,1123.66,58.40000000000009,99.94999999999982,1,1,1.0
339,1,1647.3,1125.54,57.52999999999997,99.95000000000005,1,1,1.0
340,1,1649.1,1127.42,56.67000000000007,99.93999999999983,1,1,1.0
341,1,1650.9,1129.3,55.799999999999955,99.93000000000006,1,1,1.0
342,1,1651.84,1131.18,55.97000000000003,100.08999999999992,1,1,1.0
343,1,1652.78,1133.06,56.13000000000011,100.25,1,1,1.0
344,1,1653.72,1134.94,56.299999999999955,100.41999999999985,1,1,1.0
345,1,1654.66,1136.82,56.47000000000003,100.58000000000015,1,1,1.0
346,1,1655.6,1138.7,56.63000000000011,100.74000000000001,1,1,1.0
347,1,1657.38,1143.56,52.809999999999945,99.37000000000012,1,1,1.0
348,1,1659.16,1148.42,48.99000000000001,98.0,1,1,1.0
349,1,1660.94,1153.28,45.159999999999854,96.63000000000011,1,1,1.0
350,1,1662.72,1158.14,41.33999999999992,95.25999999999999,1,1,1.0
351,1,1664.5,1163.0,37.51999999999998,93.8900000000001,1,1,1.0
352,1,1667.74,1165.64,34.01999999999998,98.2199999999998,1,1,1.0
353,1,1670.98,1168.28,30.50999999999999,102.55999999999995,1,1,1.0
354,1,1674.22,1170.92,27.00999999999999,106.89999999999986,1,1,1.0
355,1,1677.46,1173.56,23.5,111.24000000000001,1,1,1.0
356,1,1680.7,1176.2,20.0,115.56999999999994,1,1,1.0
357,1,1680.02,1180.45,20.0,115.57999999999993,1,1,1.0
358,1,1679.34,1184.71,20.0,115.56999999999994,1,1,1.0
359,1,1678.66,1188.96,20.0,115.57999999999993,1,1,1.0
360,1,1677.98,1193.22,20.0,115.56999999999994,1,1,1.0
361,1,1677.3,1197.47,20.0,115.57999999999993,1,1,1.0
362,1,1673.98,1201.72,25.279999999999973,112.27999999999997,1,1,1.0
363,1,1670.66,1205.96,30.559999999999945,108.99000000000001,1,1,1.0
364,1,1667.34,1210.21,35.840000000000146,105.69000000000005,1,1,1.0
365,1,1664.02,1214.45,41.12000000000012,102.39999999999986,1,1,1.0
366,1,1660.7,1218.7,46.399999999999864,99.09999999999991,1,1,1.0
367,1,1656.2,1221.05,52.399999999999864,94.40000000000009,1,1,1.0
368,1,1651.7,1223.4,58.399999999999864,89.69999999999982,1,1,1.0
369,1,1646.15,1223.4,63.94999999999982,85.64999999999986,1,1,1.0
370,1,1640.6,1223.4,69.5,81.59999999999991,1,1,1.0
371,1,1635.07,1232.8,75.02999999999997,72.20000000000005,1,1,1.0
372,1,1631.49,1238.76,80.56999999999994,67.08999999999992,1,1,1.0
373,1,1627.92,1244.72,86.09999999999991,61.98000000000002,1,1,1.0
374,1,1624.35,1250.68,91.63000000000011,56.86999999999989,1,1,1.0
375,1,1620.77,1256.64,97.17000000000007,51.75999999999999,1,1,1.0
376,1,1617.2,1262.6,102.70000000000005,46.65000000000009,1,1,1.0
377,1,1613.88,1264.98,103.03999999999996,45.37999999999988,1,1,1.0
378,1,1610.56,1267.36,103.38000000000011,44.11000000000013,1,1,1.0
379,1,1607.24,1269.74,103.72000000000003,42.82999999999993,1,1,1.0
380,1,1603.93,1272.12,104.04999999999995,41.56000000000017,1,1,1.0
381,1,1600.61,1274.5,104.3900000000001,40.289999999999964,1,1,1.0
382,1,1597.8,1274.24,102.68000000000006,41.059999999999945,1,1,1.0
383,1,1594.99,1273.98,100.97000000000003,41.82999999999993,1,1,1.0
384,1,1592.18,1273.72,99.25999999999999,42.59999999999991,1,1,1.0
385,1,1589.38,1273.46,97.53999999999996,43.36999999999989,1,1,1.0
386,1,1586.57,1273.2,95.83000000000015,44.13999999999987,1,1,1.0
387,1,1584.18,1272.52,96.09999999999991,44.65000000000009,1,1,1.0
388,1,1581.8,1271.84,96.36000000000013,45.16000000000008,1,1,1.0
389,1,1579.42,1271.16,96.61999999999989,45.669999999999845,1,1,1.0
390,1,1577.04,1270.48,96.88000000000011,46.180000000000064,1,1,1.0
391,1,1574.65,1269.8,97.14999999999986,46.690000000000055,1,1,1.0
392,1,1572.27,1270.74,98.50999999999999,45.49000000000001,1,1,1.0
393,1,1569.89,1271.68,99.86999999999989,44.299999999999955,1,1,1.0
394,1,1567.51,1272.62,101.23000000000002,43.100000000000136,1,1,1.0
395,1,1565.12,1273.56,102.60000000000014,41.91000000000008,1,1,1.0
396,1,1562.74,1274.5,103.96000000000004,40.710000000000036,1,1,1.0
397,1,1560.36,1274.07,99.96000000000004,41.66000000000008,1,1,1.0
398,1,1557.97,1273.65,95.97000000000003,42.59999999999991,1,1,1.0
399,1,1555.59,1273.22,91.97000000000003,43.539999999999964,1,1,1.0
400,1,1553.21,1272.8,87.97000000000003,44.48000000000002,1,1,1.0
401,1,1550.83,1272.37,83.97000000000003,45.430000000000064,1,1,1.0
402,1,1545.21,1269.82,87.71000000000004,47.98000000000002,1,1,1.0
403,1,1539.59,1267.27,91.45000000000005,50.52999999999997,1,1,1.0
404,1,1533.98,1264.71,95.18000000000006,53.08999999999992,1,1,1.0
405,1,1528.36,1262.16,98.92000000000007,55.63999999999987,1,1,1.0
406,1,1522.75,1259.61,102.65000000000009,58.190000000000055,1,1,1.0
407,1,1518.92,1257.65,102.64999999999986,58.18999999999983,1,1,1.0
408,1,1515.09,1255.7,102.65000000000009,58.190000000000055,1,1,1.0
409,1,1511.26,1253.74,102.65000000000009,58.190000000000055,1,1,1.0
410,1,1507.43,1251.78,102.64999999999986,58.190000000000055,1,1,1.0
411,1,1503.6,1249.82,102.65000000000009,58.190000000000055,1,1,1.0
412,1,1499.94,1247.7,102.64999999999986,58.190000000000055,1,1,1.0
413,1,1496.28,1245.57,102.66000000000008,58.190000000000055,1,1,1.0
414,1,1492.62,1243.44,102.66000000000008,58.190000000000055,1,1,1.0
415,1,1488.96,1241.31,102.65999999999985,58.200000000000045,1,1,1.0
416,1,1485.3,1239.19,102.66000000000008,58.190000000000055,1,1,1.0
417,1,1482.24,1237.49,101.12999999999988,58.190000000000055,1,1,1.0
418,1,1479.18,1235.78,99.59999999999991,58.210000000000036,1,1,1.0
419,1,1476.11,1234.08,98.07000000000016,58.210000000000036,1,1,1.0
420,1,1473.05,1232.38,96.53999999999996,58.2199999999998,1,1,1.0
421,1,1469.99,1230.68,95.00999999999999,58.22000000000003,1,1,1.0
422,1,1467.52,1228.81,95.36000000000013,58.8900000000001,1,1,1.0
423,1,1465.05,1226.93,95.71000000000004,59.569999999999936,1,1,1.0
424,1,1462.58,1225.06,96.06000000000017,60.24000000000001,1,1,1.0
425,1,1460.12,1223.19,96.40000000000009,60.909999999999854,1,1,1.0
426,1,1457.65,1221.32,96.75,61.580000000000155,1,1,1.0
427,1,1455.27,1219.79,96.75,61.57999999999993,1,1,1.0
428,1,1452.88,1218.26,96.75,61.57999999999993,1,1,1.0
429,1,1450.5,1216.72,96.75,61.58999999999992,1,1,1.0
430,1,1448.12,1215.19,96.75,61.57999999999993,1,1,1.0
431,1,1445.74,1213.66,96.75,61.57999999999993,1,1,1.0
432,1,1443.44,1213.06,96.75,61.590000000000146,1,1,1.0
433,1,1441.14,1212.47,96.75,61.57999999999993,1,1,1.0
434,1,1438.84,1211.87,96.75,61.580000000000155,1,1,1.0
435,1,1436.55,1211.28,96.75,61.57999999999993,1,1,1.0
436,1,1434.25,1210.68,96.75,61.57999999999993,1,1,1.0
437,1,1430.21,1212.79,86.74000000000001,56.74000000000001,1,1,1.0
438,1,1426.16,1214.9,76.74000000000001,51.899999999999864,1,1,1.0
439,1,1426.16,1211.9,76.33999999999992,54.899999999999864,1,1,1.0
440,1,1421.06,1208.5,77.6400000000001,53.61999999999989,1,1,1.0
441,1,1414.68,1206.8,87.81999999999994,60.0,1,1,1.0
442,1,1408.89,1206.12,87.90999999999985,64.85000000000014,1,1,1.0
443,1,1403.1,1205.44,88.0,69.70000000000005,1,1,1.0
444,1,1397.32,1204.76,88.08000000000015,74.54999999999995,1,1,1.0
445,1,1391.53,1204.08,88.17000000000007,79.40000000000009,1,1,1.0
446,1,1385.75,1203.4,88.25,84.25,1,1,1.0
447,1,1382.17,1208.0,89.1099999999999,83.30999999999995,1,1,1.0
448,1,1378.6,1212.6,89.96000000000004,82.37000000000012,1,1,1.0
449,1,1375.02,1217.2,90.81999999999994,81.43000000000006,1,1,1.0
450,1,1371.45,1221.8,91.66999999999985,80.49000000000001,1,1,1.0
451,1,1367.88,1226.4,92.51999999999998,79.54999999999995,1,1,1.0
452,1,1365.66,1230.14,91.0,78.94999999999982,1,1,1.0
453,1,1363.45,1233.88,89.47000000000003,78.3599999999999,1,1,1.0
454,1,1361.24,1237.62,87.94000000000005,77.77000000000021,1,1,1.0
455,1,1359.03,1241.36,86.41000000000008,77.18000000000006,1,1,1.0
456,1,1356.82,1245.1,84.88000000000011,76.59000000000015,1,1,1.0
457,1,1353.75,1244.66,83.36999999999989,75.83999999999992,1,1,1.0
458,1,1350.69,1244.22,81.84999999999991,75.08999999999992,1,1,1.0
459,1,1347.63,1243.78,80.32999999999993,74.32999999999993,1,1,1.0
460,1,1344.56,1243.34,78.82000000000016,73.58000000000015,1,1,1.0
461,1,1341.5,1242.9,77.29999999999995,72.82999999999993,1,1,1.0
462,1,1336.73,1248.86,81.38999999999987,65.42000000000007,1,1,1.0
463,1,1331.97,1254.82,85.47000000000003,58.01999999999998,1,1,1.0
464,1,1327.2,1260.78,89.55999999999995,50.61000000000013,1,1,1.0
465,1,1322.44,1266.74,93.63999999999987,43.200000000000045,1,1,1.0
466,1,1317.67,1272.7,97.73000000000002,35.799999999999955,1,1,1.0
467,1,1312.31,1274.74,102.15000000000009,33.5,1,1,1.0
468,1,1306.95,1276.79,106.56999999999994,31.200000000000045,1,1,1.0
469,1,1301.59,1278.83,110.99000000000001,28.90000000000009,1,1,1.0
470,1,1296.23,1280.88,115.41000000000008,26.59999999999991,1,1,1.0
471,1,1290.87,1282.92,119.83000000000015,24.299999999999955,1,1,1.0
472,1,1286.7,1282.84,118.55999999999995,23.960000000000036,1,1,1.0
473,1,1282.53,1282.75,117.28999999999996,23.61999999999989,1,1,1.0
474,1,1278.36,1282.67,116.02000000000021,23.279999999999973,1,1,1.0
475,1,1274.19,1282.58,114.75,22.940000000000055,1,1,1.0
476,1,1270.02,1282.5,113.48000000000002,22.59999999999991,1,1,1.0
477,1,1266.79,1282.24,113.48000000000002,22.59999999999991,1,1,1.0
478,1,1263.56,1281.99,113.47000000000003,22.59999999999991,1,1,1.0
479,1,1260.32,1281.73,113.48000000000002,22.59999999999991,1,1,1.0
480,1,1257.09,1281.48,113.48000000000002,22.59999999999991,1,1,1.0
481,1,1253.86,1281.22,113.47000000000003,22.59999999999991,1,1,1.0
482,1,1250.88,1281.39,113.4699999999998,22.59999999999991,1,1,1.0
483,1,1247.9,1281.56,113.48000000000002,22.600000000000136,1,1,1.0
484,1,1244.92,1281.73,113.48000000000002,22.59999999999991,1,1,1.0
485,1,1241.94,1281.9,113.48000000000002,22.59999999999991,1,1,1.0
486,1,1238.96,1282.07,113.48000000000002,22.610000000000127,1,1,1.0
487,1,1236.24,1281.9,113.48000000000002,22.6099999999999,1,1,1.0
488,1,1233.52,1281.73,113.48000000000002,22.59999999999991,1,1,1.0
489,1,1230.8,1281.56,113.47000000000003,22.600000000000136,1,1,1.0
490,1,1228.07,1281.39,113.48000000000002,22.59999999999991,1,1,1.0
491,1,1225.35,1281.22,113.48000000000002,22.59999999999991,1,1,1.0
492,1,1222.88,1281.22,113.63999999999987,22.339999999999918,1,1,1.0
493,1,1220.42,1281.22,113.79999999999995,22.069999999999936,1,1,1.0
494,1,1217.95,1281.22,113.96000000000004,21.809999999999945,1,1,1.0
495,1,1215.48,1281.22,114.12999999999988,21.539999999999964,1,1,1.0
496,1,1213.01,1281.22,114.28999999999996,21.279999999999973,1,1,1.0
497,1,1213.01,1279.51,106.6400000000001,24.289999999999964,1,1,1.0
498,1,1213.01,1277.8,98.99000000000001,27.299999999999955,1,1,1.0
499,1,1216.42,1275.7,78.98000000000002,43.8599999999999,1,1,1.0
500,1,1225.35,1269.7,69.65000000000009,57.51999999999998,1,1,1.0
501,1,1227.9,1265.4,59.899999999999864,65.23000000000002,1,1,1.0
502,1,1225.94,1262.16,60.24000000000001,68.98000000000002,1,1,1.0
503,1,1223.98,1258.92,60.58999999999992,72.73000000000002,1,1,1.0
504,1,1222.02,1255.68,60.930000000000064,76.48000000000002,1,1,1.0
505,1,1220.06,1252.44,61.26999999999998,80.23000000000002,1,1,1.0
506,1,1218.1,1249.2,61.62000000000012,83.98000000000002,1,1,1.0
507,1,1218.31,1249.65,65.65000000000009,79.67999999999984,1,1,1.0
508,1,1218.53,1250.1,69.67000000000007,75.37000000000012,1,1,1.0
509,1,1215.99,1261.15,76.87999999999988,62.84999999999991,1,1,1.0
510,1,1213.45,1272.2,84.09999999999991,50.319999999999936,1,1,1.0
511,1,1210.5,1279.9,93.90000000000009,46.0,1,1,1.0
512,1,1213.25,1291.85,99.23000000000002,36.600000000000136,1,1,1.0
513,1,1216.0,1303.8,104.56999999999994,27.210000000000036,1,1,1.0
514,1,1222.8,1305.42,103.97000000000003,27.61999999999989,1,1,1.0
515,1,1229.6,1307.04,103.38000000000011,28.039999999999964,1,1,1.0
516,1,1236.4,1308.66,102.78999999999996,28.45999999999981,1,1,1.0
517,1,1243.2,1310.28,102.19000000000005,28.88000000000011,1,1,1.0
518,1,1250.0,1311.9,101.59999999999991,29.299999999999955,1,1,1.0
519,1,1258.1,1309.55,99.88000000000011,32.5,1,1,1.0
520,1,1266.2,1307.2,98.15999999999985,35.700000000000045,1,1,1.0
521,1,1266.2,1304.2,107.09999999999991,35.700000000000045,1,1,1.0
522,1,1270.0,1305.9,110.96000000000004,34.84999999999991,1,1,1.0
523,1,1289.1,1314.8,102.07000000000016,25.5,1,1,1.0
524,1,1302.3,1313.1,97.79999999999995,27.600000000000136,1,1,1.0
525,1,1312.1,1313.52,99.06000000000017,28.88000000000011,1,1,1.0
526,1,1317.85,1312.67,101.19000000000005,29.079999999999927,1,1,1.0
527,1,1323.6,1311.82,103.31000000000017,29.279999999999973,1,1,1.0
528,1,1330.6,1310.76,105.0300000000002,24.99000000000001,1,1,1.0
529,1,1337.6,1309.69,106.75,20.710000000000036,1,1,1.0
530,1,1342.3,1309.48,110.99000000000001,20.470000000000027,1,1,1.0
531,1,1347.0,1309.27,115.22000000000003,20.230000000000018,1,1,1.0
532,1,1353.22,1308.42,115.80999999999995,20.819999999999936,1,1,1.0
533,1,1359.44,1307.57,116.38999999999987,21.410000000000082,1,1,1.0
534,1,1365.66,1306.71,116.98000000000002,22.00999999999999,1,1,1.0
535,1,1371.88,1305.86,117.56999999999994,22.600000000000136,1,1,1.0
536,1,1378.1,1305.01,118.16000000000008,23.190000000000055,1,1,1.0
537,1,1383.21,1304.43,119.01999999999998,23.84999999999991,1,1,1.0
538,1,1388.31,1303.85,119.88000000000011,24.50999999999999,1,1,1.0
539,1,1393.42,1303.27,120.74000000000001,25.170000000000073,1,1,1.0
540,1,1398.52,1302.68,121.61000000000013,25.839999999999918,1,1,1.0
541,1,1403.63,1302.1,122.4699999999998,26.5,1,1,1.0
542,1,1408.99,1301.25,122.47000000000003,26.5,1,1,1.0
543,1,1414.35,1300.4,122.47000000000003,26.5,1,1,1.0
544,1,1419.71,1299.55,122.47000000000003,26.5,1,1,1.0
545,1,1425.07,1298.7,122.47000000000003,26.5,1,1,1.0
546,1,1430.43,1297.85,122.47000000000003,26.5,1,1,1.0
547,1,1434.94,1297.85,122.47000000000003,26.5,1,1,1.0
548,1,1439.45,1297.85,122.47000000000003,26.5,1,1,1.0
549,1,1443.96,1297.85,122.47000000000003,26.5,1,1,1.0
550,1,1448.47,1297.85,122.47000000000003,26.5,1,1,1.0
551,1,1452.98,1297.85,122.47000000000003,26.5,1,1,1.0
552,1,1456.64,1297.6,122.89999999999986,25.720000000000027,1,1,1.0
553,1,1460.31,1297.35,123.30999999999995,24.940000000000055,1,1,1.0
554,1,1463.97,1297.1,123.74000000000001,24.160000000000082,1,1,1.0
555,1,1467.64,1296.85,124.14999999999986,23.38000000000011,1,1,1.0
556,1,1471.3,1296.6,124.58000000000015,22.600000000000136,1,1,1.0
557,1,1480.65,1294.05,116.5,31.110000000000127,1,1,1.0
558,1,1490.0,1291.5,108.43000000000006,39.6099999999999,1,1,1.0
559,1,1496.0,1286.8,99.40000000000009,56.700000000000045,1,1,1.0
560,1,1508.55,1281.65,90.25,68.01999999999998,1,1,1.0
561,1,1521.1,1276.5,81.11000000000013,79.33999999999992,1,1,1.0
562,1,1525.96,1277.26,83.30999999999995,84.78999999999996,1,1,1.0
563,1,1530.82,1278.02,85.50999999999999,90.24000000000001,1,1,1.0
564,1,1535.68,1278.78,87.72000000000003,95.69000000000005,1,1,1.0
565,1,1540.54,1279.54,89.92000000000007,101.15000000000009,1,1,1.0
566,1,1545.4,1280.3,92.11999999999989,106.60000000000014,1,1,1.0
567,1,1550.68,1287.88,92.53999999999996,98.5,1,1,1.0
568,1,1555.96,1295.46,92.96000000000004,90.39999999999986,1,1,1.0
569,1,1561.24,1303.04,93.37999999999988,82.29999999999995,1,1,1.0
570,1,1566.52,1310.62,93.80999999999995,74.20000000000005,1,1,1.0
571,1,1571.8,1318.2,94.23000000000002,66.09999999999991,1,1,1.0
572,1,1572.74,1322.12,98.99000000000001,62.7800000000002,1,1,1.0
573,1,1573.68,1326.04,103.75,59.460000000000036,1,1,1.0
574,1,1574.62,1329.96,108.51000000000022,56.13999999999987,1,1,1.0
575,1,1575.56,1333.88,113.26999999999998,52.819999999999936,1,1,1.0
576,1,1576.5,1337.8,118.02999999999997,49.5,1,1,1.0
577,1,1581.1,1335.67,118.62000000000012,51.549999999999955,1,1,1.0
578,1,1585.7,1333.55,119.21000000000004,53.590000000000146,1,1,1.0
579,1,1590.3,1331.42,119.79999999999995,55.63999999999987,1,1,1.0
580,1,1594.9,1329.29,120.39999999999986,57.690000000000055,1,1,1.0
581,1,1599.5,1327.16,120.99000000000001,59.74000000000001,1,1,1.0
582,1,1604.01,1325.29,120.99000000000001,59.74000000000001,1,1,1.0
583,1,1608.52,1323.42,120.99000000000001,59.74000000000001,1,1,1.0
584,1,1613.03,1321.55,120.99000000000001,59.73000000000002,1,1,1.0
585,1,1617.54,1319.68,120.99000000000001,59.73000000000002,1,1,1.0
586,1,1622.05,1317.8,120.99000000000001,59.74000000000001,1,1,1.0
587,1,1625.71,1316.19,120.98000000000002,59.73000000000002,1,1,1.0
588,1,1629.37,1314.57,120.98000000000002,59.74000000000001,1,1,1.0
589,1,1633.03,1312.95,120.98000000000002,59.74000000000001,1,1,1.0
590,1,1636.69,1311.34,120.98000000000002,59.73000000000002,1,1,1.0
591,1,1640.34,1309.72,120.99000000000001,59.74000000000001,1,1,1.0
592,1,1644.0,1308.61,120.99000000000001,59.31000000000017,1,1,1.0
593,1,1647.65,1307.51,121.0,58.88000000000011,1,1,1.0
594,1,1651.3,1306.4,121.00999999999999,58.45999999999981,1,1,1.0
595,1,1654.95,1305.29,121.01999999999998,58.039999999999964,1,1,1.0
596,1,1658.6,1304.19,121.01999999999998,57.6099999999999,1,1,1.0
597,1,1661.16,1303.08,121.3599999999999,58.200000000000045,1,1,1.0
598,1,1663.72,1301.98,121.69000000000005,58.77999999999997,1,1,1.0
599,1,1666.28,1300.87,122.01999999999998,59.37000000000012,1,1,1.0
600,1,1668.84,1299.76,122.36000000000013,59.960000000000036,1,1,1.0
601,1,1671.4,1298.66,122.68999999999983,60.539999999999964,1,1,1.0
602,1,1676.5,1290.98,112.5,62.67000000000007,1,1,1.0
603,1,1681.6,1283.3,102.30000000000018,64.79999999999995,1,1,1.0
604,1,1698.85,1273.1,81.40000000000009,77.35000000000014,1,1,1.0
605,1,1716.1,1262.9,60.5,89.89999999999986,1,1,1.0
606,1,1733.55,1252.05,46.67000000000007,105.85000000000014,1,1,1.0
607,1,1751.0,1241.2,32.82999999999993,121.79999999999995,1,1,1.0
608,1,1753.55,1227.16,33.47000000000003,122.83999999999992,1,1,1.0
609,1,1756.1,1213.12,34.12000000000012,123.88000000000011,1,1,1.0
610,1,1756.31,1201.0,34.12000000000012,123.86999999999989,1,1,1.0
611,1,1756.53,1188.87,34.11000000000013,123.88000000000011,1,1,1.0
612,1,1759.92,1178.49,31.230000000000018,126.95000000000005,1,1,1.0
613,1,1763.32,1168.11,28.340000000000146,130.0200000000002,1,1,1.0
614,1,1766.71,1157.73,25.460000000000036,133.08999999999992,1,1,1.0
615,1,1770.11,1147.35,22.570000000000164,136.16000000000008,1,1,1.0
616,1,1773.5,1136.96,19.690000000000055,139.24,1,1,1.0
617,1,1774.35,1127.18,19.690000000000055,139.23000000000002,1,1,1.0
618,1,1775.2,1117.39,19.700000000000045,139.24,1,1,1.0
619,1,1776.05,1107.61,19.700000000000045,139.23000000000002,1,1,1.0
620,1,1776.9,1097.82,19.699999999999818,139.24,1,1,1.0
621,1,1777.75,1088.04,19.700000000000045,139.23000000000002,1,1,1.0
622,1,1776.98,1081.48,23.1099999999999,136.0,1,1,1.0
623,1,1776.21,1074.93,26.50999999999999,132.75,1,1,1.0
624,1,1775.44,1068.38,29.919999999999845,129.51,1,1,1.0
625,1,1774.67,1061.83,33.32999999999993,126.25999999999999,1,1,1.0
626,1,1773.9,1055.28,36.74000000000001,123.01999999999998,1,1,1.0
627,1,1772.2,1045.24,39.62999999999988,123.09999999999991,1,1,1.0
628,1,1770.5,1035.19,42.51999999999998,123.19000000000005,1,1,1.0
629,1,1768.8,1025.15,45.41000000000008,123.26999999999998,1,1,1.0
630,1,1767.1,1015.11,48.30000000000018,123.35000000000002,1,1,1.0
631,1,1765.4,1005.07,51.19999999999982,123.42999999999995,1,1,1.0
632,1,1772.3,995.97,45.74000000000001,124.71000000000004,1,1,1.0
633,1,1779.2,986.86,40.289999999999964,125.99999999999989,1,1,1.0
634,1,1786.1,977.76,34.840000000000146,127.27999999999997,1,1,1.0
635,1,1793.0,968.65,29.38000000000011,128.57000000000005,1,1,1.0
636,1,1799.9,959.55,23.929999999999836,129.85000000000014,1,1,1.0
637,1,1800.08,952.14,24.940000000000055,130.80000000000007,1,1,1.0
638,1,1800.26,944.74,25.950000000000045,131.74,1,1,1.0
639,1,1800.44,937.34,26.960000000000036,132.67999999999995,1,1,1.0
640,1,1800.62,929.94,27.970000000000027,133.6199999999999,1,1,1.0
641,1,1800.8,922.53,28.99000000000001,134.56999999999994,1,1,1.0
642,1,1800.12,916.41,30.01000000000022,133.79000000000008,1,1,1.0
643,1,1799.44,910.28,31.029999999999973,133.01999999999998,1,1,1.0
644,1,1798.76,904.15,32.049999999999955,132.2500000000001,1,1,1.0
645,1,1798.08,898.03,33.070000000000164,131.47000000000003,1,1,1.0
646,1,1797.4,891.9,34.08999999999992,130.70000000000005,1,1,1.0
647,1,1798.68,887.14,33.149999999999864,130.26,1,1,1.0
648,1,1799.96,882.37,32.210000000000036,129.83000000000004,1,1,1.0
649,1,1801.24,877.6,31.269999999999982,129.39999999999998,1,1,1.0
650,1,1802.52,872.84,30.329999999999927,128.95999999999992,1,1,1.0
651,1,1803.8,868.07,29.3900000000001,128.52999999999997,1,1,1.0
652,1,1805.42,863.73,29.639999999999873,125.54999999999995,1,1,1.0
653,1,1807.04,859.39,29.8900000000001,122.57000000000005,1,1,1.0
654,1,1808.66,855.05,30.139999999999873,119.59000000000003,1,1,1.0
655,1,1810.28,850.71,30.40000000000009,116.61000000000001,1,1,1.0
656,1,1811.9,846.38,30.649999999999864,113.62,1,1,1.0
657,1,1812.74,837.86,29.299999999999955,115.84000000000003,1,1,1.0
658,1,1813.58,829.34,27.950000000000045,118.05999999999995,1,1,1.0
659,1,1814.42,820.83,26.59999999999991,120.26999999999998,1,1,1.0
660,1,1815.26,812.31,25.25,122.49000000000001,1,1,1.0
661,1,1816.1,803.8,23.90000000000009,124.70000000000005,1,1,1.0
662,1,1815.84,795.21,23.90000000000009,126.82999999999993,1,1,1.0
663,1,1815.59,786.61,23.8900000000001,128.97000000000003,1,1,1.0
664,1,1815.33,778.02,23.90000000000009,131.10000000000002,1,1,1.0
665,1,1815.08,769.42,23.8900000000001,133.24,1,1,1.0
666,1,1814.82,760.83,23.90000000000009,135.37,1,1,1.0
667,1,1814.14,753.68,24.99000000000001,134.36,1,1,1.0
668,1,1813.46,746.53,26.089999999999918,133.35000000000002,1,1,1.0
669,1,1812.78,739.39,27.190000000000055,132.33000000000004,1,1,1.0
670,1,1812.1,732.24,28.2800000000002,131.31999999999994,1,1,1.0
671,1,1811.42,725.09,29.37999999999988,130.30999999999995,1,1,1.0
672,1,1811.76,719.64,27.75999999999999,131.5,1,1,1.0
673,1,1812.1,714.2,26.1400000000001,132.67999999999995,1,1,1.0
674,1,1812.44,708.75,24.519999999999982,133.87,1,1,1.0
675,1,1812.78,703.31,22.90000000000009,135.05000000000007,1,1,1.0
676,1,1813.12,697.86,21.2800000000002,136.24,1,1,1.0
677,1,1811.5,691.31,23.920000000000073,134.71000000000004,1,1,1.0
678,1,1809.89,684.76,26.549999999999955,133.18000000000006,1,1,1.0
679,1,1808.27,678.2,29.190000000000055,131.65999999999997,1,1,1.0
680,1,1806.65,671.65,31.829999999999927,130.13,1,1,1.0
681,1,1805.04,665.1,34.460000000000036,128.60000000000002,1,1,1.0
682,1,1804.87,655.82,31.99000000000001,129.95999999999992,1,1,1.0
683,1,1804.7,646.54,29.519999999999982,131.32000000000005,1,1,1.0
684,1,1804.53,637.26,27.049999999999955,132.68000000000006,1,1,1.0
685,1,1804.36,627.98,24.580000000000155,134.03999999999996,1,1,1.0
686,1,1804.19,618.7,22.1099999999999,135.39999999999998,1,1,1.0
687,1,1803.76,611.13,22.1099999999999,136.07000000000005,1,1,1.0
688,1,1803.34,603.55,22.110000000000127,136.75,1,1,1.0
689,1,1802.91,595.98,22.1099999999999,137.41999999999996,1,1,1.0
690,1,1802.48,588.41,22.11999999999989,138.09000000000003,1,1,1.0
691,1,1802.06,580.83,22.110000000000127,138.76999999999998,1,1,1.0
692,1,1801.46,573.86,22.61999999999989,139.43999999999994,1,1,1.0
693,1,1800.87,566.88,23.110000000000127,140.12,1,1,1.0
694,1,1800.27,559.9,23.62000000000012,140.80000000000007,1,1,1.0
695,1,1799.68,552.92,24.1099999999999,141.48000000000002,1,1,1.0
696,1,1799.08,545.95,24.62000000000012,142.14999999999998,1,1,1.0
697,1,1798.57,540.67,24.62000000000012,142.1500000000001,1,1,1.0
698,1,1798.06,535.39,24.62000000000012,142.15999999999997,1,1,1.0
699,1,1797.55,530.12,24.62000000000012,142.14999999999998,1,1,1.0
700,1,1797.04,524.84,24.62000000000012,142.15999999999997,1,1,1.0
701,1,1796.53,519.57,24.62000000000012,142.14999999999998,1,1,1.0
702,1,1795.5,512.67,25.559999999999945,138.75,1,1,1.0
703,1,1794.48,505.78,26.5,135.33000000000004,1,1,1.0
704,1,1793.45,498.89,27.440000000000055,131.91999999999996,1,1,1.0
705,1,1792.43,492.0,28.37999999999988,128.5,1,1,1.0
706,1,1791.4,485.1,29.319999999999936,125.10000000000002,1,1,1.0
707,1,1792.25,474.81,29.49000000000001,126.29000000000002,1,1,1.0
708,1,1793.1,464.51,29.65000000000009,127.49000000000001,1,1,1.0
709,1,1793.95,454.22,29.819999999999936,128.67999999999995,1,1,1.0
710,1,1794.8,443.92,29.980000000000018,129.87999999999994,1,1,1.0
711,1,1795.66,433.62,30.139999999999873,131.08000000000004,1,1,1.0
712,1,1795.06,424.77,28.62000000000012,130.73000000000002,1,1,1.0
713,1,1794.46,415.92,27.09999999999991,130.37999999999994,1,1,1.0
714,1,1793.87,407.08,25.570000000000164,130.02000000000004,1,1,1.0
715,1,1793.27,398.23,24.049999999999955,129.66999999999996,1,1,1.0
716,1,1792.68,389.38,22.519999999999982,129.32000000000005,1,1,1.0
717,1,1791.83,381.72,22.950000000000045,130.07999999999998,1,1,1.0
718,1,1790.97,374.06,23.389999999999873,130.83999999999997,1,1,1.0
719,1,1790.12,366.4,23.820000000000164,131.60000000000002,1,1,1.0
720,1,1789.27,358.74,24.25,132.36,1,1,1.0
721,1,1788.42,351.08,24.679999999999836,133.12,1,1,1.0
722,1,1788.0,345.13,25.519999999999982,133.11,1,1,1.0
723,1,1787.57,339.17,26.37000000000012,133.10999999999996,1,1,1.0
724,1,1787.15,333.22,27.20999999999981,133.09999999999997,1,1,1.0
725,1,1786.72,327.26,28.059999999999945,133.10000000000002,1,1,1.0
726,1,1786.29,321.3,28.910000000000082,133.09999999999997,1,1,1.0
727,1,1785.87,315.77,28.470000000000027,133.10000000000002,1,1,1.0
728,1,1785.44,310.24,28.039999999999964,133.09999999999997,1,1,1.0
729,1,1785.02,304.71,27.59999999999991,133.10000000000002,1,1,1.0
730,1,1784.59,299.18,27.170000000000073,133.09999999999997,1,1,1.0
731,1,1784.17,293.65,26.730000000000018,133.09000000000003,1,1,1.0
732,1,1784.08,289.22,26.300000000000182,133.09999999999997,1,1,1.0
733,1,1784.0,284.8,25.8599999999999,133.09999999999997,1,1,1.0
734,1,1783.91,280.37,25.429999999999836,133.10000000000002,1,1,1.0
735,1,1783.83,275.95,24.99000000000001,133.10000000000002,1,1,1.0
736,1,1783.74,271.52,24.559999999999945,133.10000000000002,1,1,1.0
737,1,1783.83,267.35,23.610000000000127,133.09999999999997,1,1,1.0
738,1,1783.91,263.18,22.669999999999845,133.09999999999997,1,1,1.0
739,1,1784.0,259.01,21.720000000000027,133.10000000000002,1,1,1.0
740,1,1784.08,254.85,20.779999999999973,133.09,1,1,1.0
741,1,1784.17,250.68,19.829999999999927,133.08999999999997,1,1,1.0
742,1,1784.25,246.59,19.839999999999918,133.1,1,1,1.0
743,1,1784.34,242.51,19.830000000000155,133.09000000000003,1,1,1.0
744,1,1784.42,238.42,19.839999999999918,133.1,1,1,1.0
745,1,1784.51,234.34,19.829999999999927,133.1,1,1,1.0
746,1,1784.59,230.25,19.840000000000146,133.10000000000002,1,1,1.0
747,1,1784.85,227.11,19.830000000000155,133.08999999999997,1,1,1.0
748,1,1785.11,223.96,19.830000000000155,133.09,1,1,1.0
749,1,1785.36,220.81,19.830000000000155,133.10000000000002,1,1,1.0
750,1,1785.62,217.66,19.830000000000155,133.1,1,1,1.0
751,1,1785.87,214.51,19.830000000000155,133.10000000000002,1,1,1.0
752,1,1784.68,212.47,22.039999999999964,130.46,1,1,1.0
753,1,1783.49,210.43,24.25,127.82,1,1,1.0
754,1,1782.3,208.38,26.460000000000036,125.18,1,1,1.0
755,1,1781.11,206.34,28.670000000000073,122.53999999999999,1,1,1.0
756,1,1779.91,204.3,30.889999999999873,119.89999999999998,1,1,1.0
757,1,1766.51,208.55,49.190000000000055,101.19999999999999,1,1,1.0
758,1,1753.1,212.8,67.5,82.5,1,1,1.0
759,1,1745.0,213.85,80.70000000000005,75.50000000000003,1,1,1.0
760,1,1736.9,214.9,93.89999999999986,68.49999999999997,1,1,1.0
761,1,1727.11,212.56,109.44000000000005,56.389999999999986,1,1,1.0
762,1,1717.33,210.22,124.97000000000003,44.28,1,1,1.0
763,1,1706.48,209.79,130.26999999999998,40.01000000000002,1,1,1.0
764,1,1695.63,209.37,135.56999999999994,35.72999999999999,1,1,1.0
765,1,1685.42,208.31,133.23000000000002,36.78999999999999,1,1,1.0
766,1,1675.21,207.24,130.88999999999987,37.859999999999985,1,1,1.0
767,1,1666.03,206.73,131.91000000000008,35.23000000000002,1,1,1.0
768,1,1656.85,206.22,132.93000000000006,32.599999999999994,1,1,1.0
769,1,1647.66,205.71,133.9599999999998,29.97,1,1,1.0
770,1,1638.48,205.2,134.98000000000002,27.340000000000003,1,1,1.0
771,1,1629.3,204.69,136.0,24.710000000000008,1,1,1.0
772,1,1621.47,204.94,136.51,24.28,1,1,1.0
773,1,1613.64,205.2,137.01999999999998,23.840000000000003,1,1,1.0
774,1,1605.81,205.45,137.52999999999997,23.410000000000025,1,1,1.0
775,1,1597.99,205.71,138.02999999999997,22.97,1,1,1.0
776,1,1590.16,205.96,138.53999999999996,22.539999999999992,1,1,1.0
777,1,1582.84,205.54,138.5400000000002,22.53,1,1,1.0
778,1,1575.52,205.11,138.53999999999996,22.539999999999992,1,1,1.0
779,1,1568.2,204.69,138.54999999999995,22.53,1,1,1.0
780,1,1560.89,204.26,138.53999999999996,22.54000000000002,1,1,1.0
781,1,1553.57,203.84,138.53999999999996,22.53,1,1,1.0
782,1,1547.78,203.15,133.78999999999996,23.98999999999998,1,1,1.0
783,1,1542.0,202.46,129.02999999999997,25.439999999999998,1,1,1.0
784,1,1536.21,201.78,124.26999999999998,26.889999999999986,1,1,1.0
785,1,1530.42,201.09,119.51999999999998,28.340000000000003,1,1,1.0
786,1,1524.64,200.4,114.75999999999999,29.799999999999983,1,1,1.0
787,1,1514.68,199.72,118.24000000000001,29.879999999999995,1,1,1.0
788,1,1504.73,199.04,121.71000000000004,29.97,1,1,1.0
789,1,1494.77,198.36,125.19000000000005,30.049999999999983,1,1,1.0
790,1,1484.81,197.68,128.67000000000007,30.139999999999986,1,1,1.0
791,1,1474.86,197.0,132.1400000000001,30.22,1,1,1.0
792,1,1467.12,197.68,134.0,29.95999999999998,1,1,1.0
793,1,1459.37,198.36,135.87000000000012,29.689999999999998,1,1,1.0
794,1,1451.63,199.04,137.7299999999998,29.430000000000007,1,1,1.0
795,1,1443.88,199.72,139.5999999999999,29.159999999999997,1,1,1.0
796,1,1436.14,200.4,141.4599999999998,28.900000000000006,1,1,1.0
797,1,1429.25,199.75,140.91000000000008,29.55000000000001,1,1,1.0
798,1,1422.37,199.1,140.35000000000014,30.200000000000017,1,1,1.0
799,1,1415.48,198.45,139.79999999999995,30.850000000000023,1,1,1.0
800,1,1408.59,197.8,139.25,31.5,1,1,1.0
801,1,1401.7,197.15,138.70000000000005,32.150000000000006,1,1,1.0
802,1,1396.58,196.4,138.42000000000007,33.079999999999984,1,1,1.0
803,1,1391.46,195.66,138.13999999999987,34.0,1,1,1.0
804,1,1386.34,194.91,137.86000000000013,34.93000000000001,1,1,1.0
805,1,1381.22,194.17,137.57999999999993,35.85000000000002,1,1,1.0
806,1,1376.1,193.42,137.30000000000018,36.78,1,1,1.0
807,1,1371.26,192.86,135.33999999999992,36.77999999999997,1,1,1.0
808,1,1366.42,192.31,133.37999999999988,36.77000000000001,1,1,1.0
809,1,1361.58,191.75,131.42000000000007,36.77000000000001,1,1,1.0
810,1,1356.74,191.19,129.46000000000004,36.77000000000001,1,1,1.0
811,1,1351.9,190.63,127.5,36.77000000000001,1,1,1.0
812,1,1355.85,186.67,111.95000000000005,43.53,1,1,1.0
813,1,1359.8,182.7,96.40000000000009,50.30000000000001,1,1,1.0
814,1,1363.3,178.5,82.90000000000009,55.66,1,1,1.0
815,1,1366.8,174.3,69.40000000000009,61.03,1,1,1.0
816,1,1366.8,170.1,62.40000000000009,65.23000000000002,1,1,1.0
817,1,1366.8,167.3,57.299999999999955,68.03,1,1,1.0
818,1,1366.8,165.9,53.600000000000136,69.43,1,1,1.0
819,1,1366.8,164.5,49.90000000000009,70.83000000000001,1,1,1.0
820,1,1364.0,160.3,48.50999999999999,77.35,1,1,1.0
821,1,1361.2,156.1,47.11999999999989,83.88,1,1,1.0
822,1,1361.2,150.3,47.11999999999989,89.67999999999998,1,1,1.0
823,1,1361.2,144.5,47.11999999999989,95.47999999999999,1,1,1.0
824,1,1360.25,144.5,49.460000000000036,93.38999999999999,1,1,1.0
825,1,1359.3,144.5,51.799999999999955,91.30000000000001,1,1,1.0
826,1,1357.45,141.25,55.299999999999955,93.6,1,1,1.0
827,1,1355.6,138.0,58.80000000000018,95.9,1,1,1.0
828,1,1354.2,145.9,61.34999999999991,86.85,1,1,1.0
829,1,1352.8,153.8,63.90000000000009,77.79999999999998,1,1,1.0
830,1,1351.15,153.35,67.39999999999986,78.25,1,1,1.0
831,1,1349.5,152.9,70.90000000000009,78.69999999999999,1,1,1.0
832,1,1347.15,156.85,72.54999999999995,78.71000000000001,1,1,1.0
833,1,1344.8,160.8,74.20000000000005,78.70999999999998,1,1,1.0
834,1,1344.93,163.73,71.74000000000001,82.14000000000001,1,1,1.0
835,1,1345.07,166.67,69.25999999999999,85.57000000000002,1,1,1.0
836,1,1345.2,169.6,66.79999999999995,89.00000000000003,1,1,1.0
837,1,1350.3,166.8,62.17000000000007,97.84999999999997,1,1,1.0
838,1,1355.4,164.0,57.52999999999997,106.69999999999999,1,1,1.0
839,1,1364.25,163.75,49.38000000000011,112.30000000000001,1,1,1.0
840,1,1373.1,163.5,41.23000000000002,117.89999999999998,1,1,1.0
841,1,1373.1,163.5,41.23000000000002,119.80000000000001,1,1,1.0
842,1,1376.92,164.9,37.409999999999854,122.30999999999997,1,1,1.0
843,1,1380.74,166.3,33.58999999999992,124.82,1,1,1.0
844,1,1384.56,167.7,29.769999999999982,127.32999999999998,1,1,1.0
845,1,1388.38,169.1,25.949999999999818,129.84,1,1,1.0
846,1,1392.2,170.5,22.12999999999988,132.35000000000002,1,1,1.0
847,1,1392.66,173.58,21.669999999999845,132.42999999999998,1,1,1.0
848,1,1393.12,176.66,21.210000000000036,132.52,1,1,1.0
849,1,1393.58,179.74,20.75,132.59999999999997,1,1,1.0
850,1,1394.04,182.82,20.289999999999964,132.69,1,1,1.0
851,1,1394.5,185.9,19.829999999999927,132.77,1,1,1.0
852,1,1394.5,187.48,19.829999999999927,133.71,1,1,1.0
853,1,1394.5,189.06,19.829999999999927,134.64,1,1,1.0
854,1,1394.5,190.64,19.829999999999927,135.57,1,1,1.0
855,1,1394.5,192.22,19.829999999999927,136.51000000000002,1,1,1.0
856,1,1394.5,193.8,19.829999999999927,137.44,1,1,1.0
857,1,1394.5,195.1,19.829999999999927,137.44000000000003,1,1,1.0
858,1,1394.5,196.41,19.829999999999927,137.44000000000003,1,1,1.0
859,1,1394.5,197.71,19.829999999999927,137.43999999999997,1,1,1.0
860,1,1394.5,199.01,19.829999999999927,137.44,1,1,1.0
861,1,1394.5,200.32,19.829999999999927,137.43,1,1,1.0
862,1,1394.5,203.11,19.829999999999927,137.44,1,1,1.0
863,1,1394.5,205.9,19.829999999999927,137.43999999999997,1,1,1.0
864,1,1394.5,208.69,19.829999999999927,137.44,1,1,1.0
865,1,1394.5,211.48,19.829999999999927,137.44000000000003,1,1,1.0
866,1,1394.5,214.28,19.829999999999927,137.44000000000003,1,1,1.0
867,1,1392.74,219.76,21.779999999999973,133.81,1,1,1.0
868,1,1390.98,225.25,23.74000000000001,130.18,1,1,1.0
869,1,1389.22,230.73,25.690000000000055,126.56000000000003,1,1,1.0
870,1,1387.46,236.22,27.649999999999864,122.91999999999999,1,1,1.0
871,1,1385.7,241.7,29.59999999999991,119.30000000000001,1,1,1.0
872,1,1378.25,251.9,39.450000000000045,109.57000000000002,1,1,1.0
873,1,1374.06,257.5,46.440000000000055,105.82999999999998,1,1,1.0
874,1,1371.74,263.1,51.559999999999945,103.94999999999999,1,1,1.0
875,1,1367.55,267.3,57.15000000000009,104.39999999999998,1,1,1.0
876,1,1365.69,272.9,59.50999999999999,104.39000000000004,1,1,1.0
877,1,1362.89,277.6,63.20999999999981,104.33999999999997,1,1,1.0
878,1,1360.33,279.7,66.92000000000007,106.43,1,1,1.0
879,1,1357.77,281.8,70.63000000000011,108.51999999999998,1,1,1.0
880,1,1355.91,286.7,72.24000000000001,108.50999999999999,1,1,1.0
881,1,1354.05,291.6,73.85000000000014,108.48999999999995,1,1,1.0
882,1,1352.1,295.04,74.22000000000003,108.21999999999997,1,1,1.0
883,1,1350.14,298.48,74.59999999999991,107.94,1,1,1.0
884,1,1348.19,301.92,74.97000000000003,107.66999999999996,1,1,1.0
885,1,1346.23,305.36,75.34999999999991,107.38999999999999,1,1,1.0
886,1,1344.28,308.8,75.72000000000003,107.12,1,1,1.0
887,1,1341.49,310.35,75.72000000000003,107.12,1,1,1.0
888,1,1338.69,311.9,75.72000000000003,107.12,1,1,1.0
889,1,1335.9,313.45,75.7199999999998,107.12,1,1,1.0
890,1,1326.36,316.03,75.70000000000005,102.68,1,1,1.0
891,1,1316.82,318.6,75.68000000000006,98.25,1,1,1.0
892,1,1309.37,333.25,85.23000000000002,81.26999999999998,1,1,1.0
893,1,1301.92,347.9,94.77999999999997,64.29000000000002,1,1,1.0
894,1,1294.94,357.9,106.8599999999999,55.920000000000016,1,1,1.0
895,1,1287.96,367.9,118.94000000000005,47.55000000000001,1,1,1.0
896,1,1280.52,379.1,130.07999999999993,39.139999999999986,1,1,1.0
897,1,1273.77,386.1,135.43000000000006,33.31,1,1,1.0
898,1,1267.02,393.1,140.77999999999997,27.46999999999997,1,1,1.0
899,1,1261.43,393.33,140.78999999999996,27.470000000000027,1,1,1.0
900,1,1255.85,393.57,140.7800000000002,27.45999999999998,1,1,1.0
