1,1,1758.3331298828125,716.9378051757812,73.203369140625,132.57891845703125,0.8777084,-1,-1,-1
2,1,1757.1336669921875,712.2622680664062,75.1905517578125,135.43682861328125,0.7263341,-1,-1,-1
3,1,1755.0296630859375,708.068603515625,78.3719482421875,134.9935302734375,0.83150977,-1,-1,-1
4,1,1751.736572265625,703.9027709960938,79.8326416015625,134.8994140625,0.57931614,-1,-1,-1
5,1,1748.64111328125,697.347412109375,84.0906982421875,139.32861328125,0.88190955,-1,-1,-1
6,1,1746.9312744140625,693.357421875,84.1346435546875,139.6099853515625,0.8272849,-1,-1,-1
7,1,1744.5513916015625,691.1939697265625,85.4786376953125,136.51593017578125,0.8906215,-1,-1,-1
8,1,1742.4334716796875,687.526611328125,87.6112060546875,136.7989501953125,0.80847055,-1,-1,-1
9,1,1741.3673095703125,684.2286987304688,82.9342041015625,136.24810791015625,0.74476045,-1,-1,-1
10,1,1739.6640625,679.961181640625,85.9461669921875,141.56134033203125,0.8405005,-1,-1,-1
11,1,1738.7213134765625,676.8328247070312,85.9052734375,138.58892822265625,0.72894317,-1,-1,-1
12,1,1738.8382568359375,673.1240844726562,84.442626953125,137.09918212890625,0.8458914,-1,-1,-1
13,1,1736.5947265625,669.12646484375,84.3521728515625,133.65478515625,0.68241674,-1,-1,-1
14,1,1734.83935546875,667.1202392578125,84.7607421875,133.03515625,0.74441576,-1,-1,-1
15,1,1732.5660400390625,664.4817504882812,81.8028564453125,133.08673095703125,0.8572738,-1,-1,-1
16,1,1731.3223876953125,660.6363525390625,80.4141845703125,134.41485595703125,0.7667843,-1,-1,-1
17,1,1729.1243896484375,658.73974609375,81.35498046875,136.17938232421875,0.773045,-1,-1,-1
18,1,1728.6112060546875,656.409423828125,80.2987060546875,136.28045654296875,0.75275725,-1,-1,-1
19,1,1727.26318359375,653.6119384765625,76.619873046875,138.21270751953125,0.83,-1,-1,-1
20,1,1726.1878662109375,650.9522094726562,74.020263671875,139.81378173828125,0.77121323,-1,-1,-1
21,1,1725.7354736328125,648.6187744140625,70.6302490234375,139.825927734375,0.758548,-1,-1,-1
22,1,1724.638916015625,646.2243041992188,71.55029296875,142.24456787109375,0.779919,-1,-1,-1
23,1,1723.503662109375,644.3386840820312,67.2196044921875,140.76708984375,0.81687057,-1,-1,-1
24,1,1723.266845703125,642.4913940429688,65.2474365234375,140.46148681640625,0.8105591,-1,-1,-1
25,1,1722.31201171875,641.0772094726562,62.74365234375,138.61602783203125,0.7842456,-1,-1,-1
26,1,1721.6470947265625,639.0007934570312,63.5111083984375,140.32611083984375,0.8507921,-1,-1,-1
27,1,1721.3138427734375,636.3978881835938,61.6446533203125,140.58612060546875,0.8195996,-1,-1,-1
28,1,1721.935546875,634.0126342773438,59.7296142578125,136.77777099609375,0.5574209,-1,-1,-1
29,1,1723.8511962890625,631.4219970703125,58.0478515625,131.61383056640625,0.64385045,-1,-1,-1
30,1,1723.3094482421875,627.7006225585938,59.4217529296875,121.630126953125,0.6844173,-1,-1,-1
31,1,1722.8597412109375,623.328369140625,60.478271484375,119.10894775390625,0.7282998,-1,-1,-1
32,1,1721.7230224609375,619.7228393554688,59.9375,120.86785888671875,0.4549036,-1,-1,-1
33,1,1717.4169921875,615.2752075195312,61.93505859375,117.34686279296875,0.7021062,-1,-1,-1
34,1,1714.3983154296875,608.04638671875,67.07470703125,120.46417236328125,0.45871368,-1,-1,-1
35,1,1710.0736083984375,600.2919921875,75.0819091796875,123.25128173828125,0.80007327,-1,-1,-1
36,1,1705.3035888671875,593.3326416015625,83.9986572265625,123.0228271484375,0.8838953,-1,-1,-1
37,1,1703.0150146484375,587.6406860351562,91.4788818359375,121.8846435546875,0.8410502,-1,-1,-1
38,1,1705.4322509765625,583.2770385742188,95.92431640625,123.45172119140625,0.8250514,-1,-1,-1
39,1,1716.5169677734375,578.779296875,89.6107177734375,122.34417724609375,0.84107554,-1,-1,-1
40,1,1725.7509765625,576.45654296875,85.792724609375,118.81207275390625,0.45753312,-1,-1,-1
41,1,1727.4288330078125,571.6170654296875,87.1195068359375,115.87969970703125,0.8697914,-1,-1,-1
42,1,1728.802734375,566.0377807617188,88.9459228515625,116.41412353515625,0.80555105,-1,-1,-1
43,1,1727.7098388671875,561.568359375,93.6451416015625,115.64581298828125,0.5896053,-1,-1,-1
44,1,1727.734130859375,556.5870971679688,98.3236083984375,115.30401611328125,0.6482875,-1,-1,-1
45,1,1725.7694091796875,554.0424194335938,104.7064208984375,112.93798828125,0.6057974,-1,-1,-1
46,1,1728.2677001953125,548.1318359375,104.240478515625,113.586669921875,0.83674574,-1,-1,-1
47,1,1726.6436767578125,544.8820190429688,109.336181640625,114.41754150390625,0.6962,-1,-1,-1
48,1,1727.888916015625,540.8602294921875,110.204833984375,115.3748779296875,0.7297617,-1,-1,-1
49,1,1732.9625244140625,538.5279541015625,109.7723388671875,109.9757080078125,0.7503562,-1,-1,-1
50,1,1735.1624755859375,533.58447265625,109.6763916015625,111.71051025390625,0.8927114,-1,-1,-1
51,1,1740.0111083984375,531.2921142578125,107.7864990234375,110.85821533203125,0.7364673,-1,-1,-1
52,1,1741.4302978515625,526.4558715820312,106.637451171875,113.58050537109375,0.6913633,-1,-1,-1
53,1,1744.784423828125,521.11181640625,102.2315673828125,116.52362060546875,0.8672377,-1,-1,-1
54,1,1747.573974609375,514.2687377929688,95.6513671875,117.81585693359375,0.7587804,-1,-1,-1
55,1,1751.29296875,509.9123840332031,89.924560546875,112.12503051757812,0.7122968,-1,-1,-1
56,1,1754.3194580078125,506.1622619628906,88.9736328125,112.17880249023438,0.7160938,-1,-1,-1
57,1,1762.2369384765625,502.2655944824219,81.9652099609375,109.85525512695312,0.63674426,-1,-1,-1
58,1,1765.8739013671875,498.29852294921875,77.8602294921875,111.58233642578125,0.7438029,-1,-1,-1
59,1,1769.5709228515625,493.7099304199219,75.6905517578125,117.40011596679688,0.7039586,-1,-1,-1
60,1,1781.746337890625,487.8993225097656,62.9267578125,124.07943725585938,0.61195606,-1,-1,-1
61,1,1784.7613525390625,484.8916320800781,61.6947021484375,128.48452758789062,0.70206416,-1,-1,-1
62,1,1790.8045654296875,478.7211608886719,57.8104248046875,137.03384399414062,0.73293406,-1,-1,-1
63,1,1795.970458984375,473.3139343261719,53.989990234375,140.82998657226562,0.5755568,-1,-1,-1
64,1,1798.854736328125,465.9330139160156,51.5579833984375,146.96310424804688,0.5562919,-1,-1,-1
65,1,1799.0086669921875,468.4619140625,51.530517578125,143.5821533203125,0.4536692,-1,-1,-1
66,1,1803.7020263671875,465.337646484375,49.911865234375,142.71966552734375,0.6245227,-1,-1,-1
67,1,1800.7447509765625,464.4296875,56.169677734375,140.90618896484375,0.5579734,-1,-1,-1
68,1,1807.96142578125,463.2918701171875,57.4132080078125,132.8360595703125,0.3448043,-1,-1,-1
69,1,1808.7977294921875,461.4320373535156,58.186279296875,129.99850463867188,0.34968483,-1,-1,-1
70,1,1807.632080078125,456.0477600097656,62.047119140625,127.78341674804688,0.61185724,-1,-1,-1
71,1,1803.11083984375,447.95550537109375,68.5380859375,127.7410888671875,0.67303336,-1,-1,-1
72,1,1803.40234375,444.0565185546875,71.70068359375,117.826904296875,0.71632123,-1,-1,-1
73,1,1796.768310546875,438.15325927734375,81.5733642578125,112.38629150390625,0.7776991,-1,-1,-1
74,1,1790.5042724609375,435.628173828125,92.0064697265625,113.75555419921875,0.5418189,-1,-1,-1
75,1,1789.513671875,429.31182861328125,94.8443603515625,113.2938232421875,0.71875864,-1,-1,-1
76,1,1789.604248046875,428.3752746582031,98.35595703125,110.83840942382812,0.64654106,-1,-1,-1
77,1,1788.28759765625,423.2391662597656,100.202392578125,110.90786743164062,0.8428561,-1,-1,-1
78,1,1792.0518798828125,421.29864501953125,99.5406494140625,110.2147216796875,0.78397393,-1,-1,-1
79,1,1793.7215576171875,419.61932373046875,102.585205078125,111.89434814453125,0.55290526,-1,-1,-1
80,1,1802.1890869140625,416.0372009277344,94.306396484375,110.50613403320312,0.7087475,-1,-1,-1
81,1,1804.2855224609375,414.2871398925781,97.8121337890625,109.77310180664062,0.5800101,-1,-1,-1
82,1,1803.77001953125,410.9336853027344,100.217041015625,114.38052368164062,0.595003,-1,-1,-1
83,1,1809.12353515625,407.7283020019531,93.862060546875,113.49581909179688,0.5584061,-1,-1,-1
84,1,1810.3001708984375,405.1085205078125,95.426025390625,114.5908203125,0.60394865,-1,-1,-1
85,1,1819.6751708984375,404.6719970703125,89.7822265625,111.56378173828125,0.798339,-1,-1,-1
86,1,1822.3529052734375,403.3866271972656,87.7269287109375,110.57562255859375,0.6050345,-1,-1,-1
87,1,1824.2149658203125,401.8269958496094,85.7349853515625,105.1832275390625,0.64065814,-1,-1,-1
88,1,1824.0853271484375,403.7394104003906,93.0211181640625,101.09335327148438,0.79313266,-1,-1,-1
89,1,1826.1512451171875,405.83306884765625,93.0628662109375,96.88885498046875,0.83537567,-1,-1,-1
90,1,1834.46142578125,405.8059387207031,88.635986328125,92.99896240234375,0.79871714,-1,-1,-1
91,1,1827.654541015625,404.66827392578125,94.81640625,91.60577392578125,0.54158264,-1,-1,-1
92,1,1825.2208251953125,396.88214111328125,99.330810546875,80.74313354492188,0.6903468,-1,-1,-1
93,1,1823.8045654296875,388.415771484375,103.2620849609375,79.92233276367188,0.50994325,-1,-1,-1
94,1,1826.635986328125,385.82977294921875,105.716796875,79.17022705078125,0.54224753,-1,-1,-1
95,1,1828.396728515625,380.6102600097656,107.6575927734375,84.47314453125,0.58842564,-1,-1,-1
96,1,1837.332763671875,378.1265563964844,102.091552734375,89.99575805664062,0.5175011,-1,-1,-1
97,1,1850.1448974609375,376.9364013671875,92.5859375,90.90118408203125,0.52624196,-1,-1,-1
98,1,1863.5120849609375,374.7788391113281,82.081298828125,90.62664794921875,0.57150203,-1,-1,-1
99,1,1863.2196044921875,372.0872802734375,85.5361328125,93.69857788085938,0.7096618,-1,-1,-1
100,1,1862.6693115234375,368.9783020019531,88.9248046875,96.64321899414062,0.6269454,-1,-1,-1
101,1,1863.4697265625,363.1917419433594,91.11474609375,95.86883544921875,0.6359187,-1,-1,-1
102,1,1870.3094482421875,359.2303771972656,85.6768798828125,91.11648559570312,0.5468602,-1,-1,-1
103,1,1868.006591796875,355.769775390625,91.4766845703125,93.97488403320312,0.7309029,-1,-1,-1
104,1,1869.91455078125,353.5645751953125,92.35302734375,93.05194091796875,0.65100753,-1,-1,-1
105,1,1876.573974609375,351.4974365234375,89.424072265625,88.40045166015625,0.579479,-1,-1,-1
106,1,1876.0816650390625,345.8807678222656,89.234619140625,93.56112670898438,0.5916949,-1,-1,-1
107,1,1875.11376953125,336.81890869140625,84.558837890625,101.05413818359375,0.56248945,-1,-1,-1
108,1,1885.966552734375,334.8944396972656,74.0775146484375,86.45828247070312,0.71088904,-1,-1,-1
109,1,1886.21630859375,328.9997253417969,75.2664794921875,92.97793579101562,0.7343635,-1,-1,-1
110,1,1895.3563232421875,324.1441650390625,67.784423828125,102.66458129882812,0.6423805,-1,-1,-1
111,1,1903.9608154296875,319.84661865234375,60.5494384765625,109.50918579101562,0.67437017,-1,-1,-1
112,1,1906.982666015625,312.71636962890625,67.6461181640625,118.65505981445312,0.72979575,-1,-1,-1
113,1,1907.10595703125,309.0072937011719,64.6800537109375,122.39498901367188,0.80849767,-1,-1,-1
114,1,1909.9168701171875,305.7698974609375,57.28125,122.44696044921875,0.5048102,-1,-1,-1
115,1,1916.9970703125,300.9900207519531,47.6080322265625,114.84548950195312,0.7655557,-1,-1,-1
116,1,1917.67236328125,296.0697326660156,47.1029052734375,112.30154418945312,0.75158346,-1,-1,-1
117,1,1917.5079345703125,292.250732421875,49.7613525390625,113.40359497070312,0.6105141,-1,-1,-1
118,1,1918.0272216796875,286.27392578125,48.756591796875,119.56149291992188,0.58440185,-1,-1,-1
119,1,1918.623779296875,281.220947265625,46.931640625,122.70562744140625,0.6243289,-1,-1,-1
120,1,1917.5418701171875,274.8239440917969,47.5394287109375,126.19723510742188,0.6167616,-1,-1,-1
121,1,1917.278076171875,269.8243103027344,47.244140625,128.21469116210938,0.66407084,-1,-1,-1
122,1,1915.2197265625,264.3069763183594,51.2789306640625,126.14617919921875,0.80961365,-1,-1,-1
123,1,1914.2762451171875,259.6300964355469,51.2000732421875,128.1290283203125,0.6514347,-1,-1,-1
124,1,1912.33935546875,253.7988739013672,52.693603515625,133.1604766845703,0.73768544,-1,-1,-1
125,1,1913.1385498046875,251.6831512451172,49.0665283203125,131.76002502441406,0.55957913,-1,-1,-1
126,1,1908.619140625,245.59710693359375,51.7376708984375,131.6123046875,0.68888694,-1,-1,-1
127,1,1908.85595703125,243.8999786376953,50.077880859375,127.13972473144531,0.6540056,-1,-1,-1
128,1,1908.74072265625,239.68197631835938,47.6197509765625,128.84109497070312,0.60837096,-1,-1,-1
129,1,1908.74755859375,235.7410125732422,46.0931396484375,132.60301208496094,0.6433415,-1,-1,-1
130,1,1907.9578857421875,230.77224731445312,46.6407470703125,137.96356201171875,0.5913495,-1,-1,-1
131,1,1907.0816650390625,226.797119140625,45.9847412109375,132.47885131835938,0.59808826,-1,-1,-1
132,1,1902.777099609375,221.28759765625,46.8070068359375,133.18426513671875,0.28931728,-1,-1,-1
133,1,1904.1304931640625,219.31130981445312,42.8157958984375,131.41659545898438,0.4827838,-1,-1,-1
134,1,1904.69091796875,216.59085083007812,40.3419189453125,131.91973876953125,0.5291689,-1,-1,-1
135,1,1903.8109130859375,211.10023498535156,41.280029296875,133.3234405517578,0.5279351,-1,-1,-1
136,1,1903.906005859375,207.02960205078125,40.829345703125,137.43502807617188,0.63265926,-1,-1,-1
137,1,1902.3533935546875,207.11119079589844,38.097412109375,133.7082061767578,0.40879965,-1,-1,-1
139,1,1866.62646484375,221.87351989746094,75.969970703125,90.40049743652344,0.40879965,-1,-1,-1
140,1,1869.092041015625,224.87152099609375,73.4547119140625,79.12753295898438,0.29038304,-1,-1,-1
141,1,1863.76904296875,220.7559814453125,84.6309814453125,60.99267578125,0.6535532,-1,-1,-1
142,1,1854.8934326171875,219.91458129882812,98.91015625,64.75631713867188,0.5722226,-1,-1,-1
143,1,1846.5692138671875,217.70108032226562,107.899169921875,78.6409912109375,0.54003733,-1,-1,-1
144,1,1838.677001953125,214.22927856445312,108.0938720703125,86.90704345703125,0.3914183,-1,-1,-1
145,1,1829.332763671875,210.3497314453125,110.28759765625,96.15927124023438,0.28467518,-1,-1,-1
146,1,1820.1358642578125,206.6406707763672,111.8448486328125,104.77009582519531,0.30720973,-1,-1,-1
147,1,1815.0164794921875,203.6425018310547,114.125732421875,114.59974670410156,0.22249429,-1,-1,-1
148,1,1809.071044921875,208.7239990234375,110.9405517578125,113.54421997070312,0.3686989,-1,-1,-1
149,1,1801.02294921875,208.41383361816406,114.6773681640625,118.76243591308594,0.23462653,-1,-1,-1
150,1,1794.4776611328125,215.1715087890625,110.3427734375,117.48709106445312,0.3678938,-1,-1,-1
151,1,1788.81298828125,220.35972595214844,106.53466796875,115.90928649902344,0.24903262,-1,-1,-1
152,1,1786.8314208984375,225.18450927734375,108.1121826171875,114.85919189453125,0.569219,-1,-1,-1
153,1,1780.2999267578125,223.18844604492188,113.24462890625,123.91165161132812,0.4010081,-1,-1,-1
154,1,1776.1785888671875,231.06324768066406,112.397216796875,118.42796325683594,0.47831064,-1,-1,-1
155,1,1772.0140380859375,244.4358367919922,106.4573974609375,108.56510925292969,0.44149852,-1,-1,-1
156,1,1766.6114501953125,247.04725646972656,111.956298828125,111.97200012207031,0.7252003,-1,-1,-1
157,1,1764.2750244140625,251.96597290039062,112.84765625,111.97640991210938,0.347144,-1,-1,-1
158,1,1758.81640625,256.6312561035156,113.4844970703125,110.76101684570312,0.371482,-1,-1,-1
159,1,1755.83154296875,261.1605529785156,114.7459716796875,109.94253540039062,0.48269796,-1,-1,-1
160,1,1752.289794921875,260.2409973144531,119.5599365234375,115.27804565429688,0.35445163,-1,-1,-1
161,1,1749.1151123046875,269.3695983886719,114.48193359375,109.36636352539062,0.60509443,-1,-1,-1
162,1,1745.5465087890625,267.23797607421875,119.576416015625,114.46511840820312,0.5293696,-1,-1,-1
163,1,1741.1781005859375,279.37451171875,113.7554931640625,105.79498291015625,0.43142253,-1,-1,-1
164,1,1737.21728515625,277.53399658203125,117.2261962890625,110.59536743164062,0.6025295,-1,-1,-1
165,1,1732.4559326171875,280.46490478515625,116.8597412109375,109.75762939453125,0.6470087,-1,-1,-1
166,1,1731.14404296875,285.8622131347656,115.748779296875,109.48052978515625,0.68307996,-1,-1,-1
167,1,1725.597412109375,286.9908447265625,114.605224609375,110.68109130859375,0.62695193,-1,-1,-1
168,1,1721.1708984375,288.70684814453125,117.8541259765625,113.07867431640625,0.74951714,-1,-1,-1
169,1,1719.6724853515625,299.50091552734375,109.5740966796875,103.44775390625,0.72805977,-1,-1,-1
170,1,1717.41259765625,298.5237121582031,111.55712890625,107.6129150390625,0.7986337,-1,-1,-1
171,1,1716.501953125,306.6661376953125,109.0931396484375,102.60281372070312,0.79688764,-1,-1,-1
172,1,1718.8505859375,324.65570068359375,104.9271240234375,94.32327270507812,0.6518278,-1,-1,-1
173,1,1724.297607421875,337.0728454589844,95.9366455078125,90.8731689453125,0.6574919,-1,-1,-1
174,1,1720.9560546875,335.6037292480469,100.6934814453125,98.14056396484375,0.7878015,-1,-1,-1
175,1,1711.06640625,334.72308349609375,87.77490234375,105.90283203125,0.71725845,-1,-1,-1
176,1,1705.04052734375,333.4651794433594,78.91650390625,115.63046264648438,0.54492223,-1,-1,-1
177,1,1699.0518798828125,335.11956787109375,72.14111328125,123.3785400390625,0.48995164,-1,-1,-1
178,1,1695.1883544921875,339.0416259765625,70.0574951171875,128.67050170898438,0.733381,-1,-1,-1
179,1,1690.9603271484375,349.3042907714844,73.968505859375,127.31509399414062,0.7093034,-1,-1,-1
180,1,1687.2947998046875,359.4559326171875,77.984619140625,124.517822265625,0.60766715,-1,-1,-1
181,1,1682.081787109375,369.3761291503906,80.667236328125,123.96173095703125,0.6338482,-1,-1,-1
182,1,1678.26708984375,376.6684265136719,81.8892822265625,125.72671508789062,0.6391636,-1,-1,-1
183,1,1673.839111328125,384.8328857421875,80.3121337890625,122.55746459960938,0.7628909,-1,-1,-1
184,1,1670.9229736328125,389.41607666015625,78.16015625,124.17767333984375,0.7264903,-1,-1,-1
185,1,1667.3106689453125,397.57171630859375,75.007080078125,122.85723876953125,0.78573745,-1,-1,-1
186,1,1664.5328369140625,401.6880187988281,72.9088134765625,125.38308715820312,0.49084324,-1,-1,-1
187,1,1661.633544921875,404.3573913574219,70.35205078125,128.69949340820312,0.7748731,-1,-1,-1
188,1,1658.7947998046875,412.6221618652344,68.2552490234375,127.42996215820312,0.6582211,-1,-1,-1
189,1,1655.37109375,418.1493835449219,67.1361083984375,126.41958618164062,0.7734178,-1,-1,-1
190,1,1653.6988525390625,424.4351806640625,65.6383056640625,126.09918212890625,0.85106075,-1,-1,-1
191,1,1651.2969970703125,428.6473388671875,66.0740966796875,127.6396484375,0.6056764,-1,-1,-1
192,1,1647.5897216796875,433.95745849609375,66.0150146484375,126.96630859375,0.7972407,-1,-1,-1
193,1,1645.490966796875,440.937255859375,63.429931640625,126.66693115234375,0.7741971,-1,-1,-1
194,1,1640.529052734375,446.7503967285156,65.241455078125,125.59689331054688,0.49556342,-1,-1,-1
195,1,1638.3521728515625,449.3085021972656,66.97998046875,127.23074340820312,0.81019264,-1,-1,-1
196,1,1638.0240478515625,450.5162353515625,65.1925048828125,129.858642578125,0.647497,-1,-1,-1
197,1,1641.5003662109375,463.5385437011719,61.9293212890625,125.53720092773438,0.59845465,-1,-1,-1
198,1,1645.1258544921875,488.4540100097656,62.2008056640625,108.97317504882812,0.48770624,-1,-1,-1
199,1,1643.8778076171875,496.948486328125,53.587158203125,109.86981201171875,0.6930404,-1,-1,-1
200,1,1641.584228515625,495.44488525390625,42.8402099609375,120.73895263671875,0.7457818,-1,-1,-1
201,1,1636.9898681640625,499.47760009765625,35.6014404296875,126.01812744140625,0.6921476,-1,-1,-1
202,1,1635.0848388671875,507.0357360839844,36.236083984375,129.46560668945312,0.636919,-1,-1,-1
203,1,1632.8212890625,515.6358032226562,37.4674072265625,131.080810546875,0.64384204,-1,-1,-1
204,1,1631.7362060546875,524.6741943359375,39.6353759765625,131.93890380859375,0.67031944,-1,-1,-1
205,1,1630.0831298828125,537.0060424804688,42.7850341796875,130.441162109375,0.47889903,-1,-1,-1
206,1,1628.190185546875,545.8177490234375,46.403076171875,131.63446044921875,0.6737721,-1,-1,-1
207,1,1627.8392333984375,553.7622680664062,45.3477783203125,131.3848876953125,0.5533266,-1,-1,-1
208,1,1626.142333984375,560.374267578125,41.7493896484375,130.978759765625,0.6164815,-1,-1,-1
209,1,1625.74169921875,569.0385131835938,38.28466796875,130.41424560546875,0.51700187,-1,-1,-1
210,1,1625.06396484375,576.1978149414062,35.6641845703125,132.1787109375,0.48143062,-1,-1,-1
211,1,1621.76416015625,585.6214599609375,33.8291015625,128.6827392578125,0.38874426,-1,-1,-1
212,1,1621.7789306640625,590.2160034179688,32.2625732421875,130.71783447265625,0.56367177,-1,-1,-1
213,1,1621.3297119140625,597.1834716796875,31.72021484375,129.578857421875,0.4352398,-1,-1,-1
214,1,1620.9571533203125,605.7439575195312,31.61962890625,128.6319580078125,0.3765901,-1,-1,-1
215,1,1621.2470703125,610.7027587890625,31.4580078125,128.97320556640625,0.41450465,-1,-1,-1
216,1,1619.386474609375,623.4583129882812,38.6143798828125,119.06463623046875,0.5080398,-1,-1,-1
217,1,1619.23876953125,639.5155639648438,45.744384765625,107.55035400390625,0.27785408,-1,-1,-1
218,1,1615.1151123046875,645.8140869140625,48.219970703125,110.3033447265625,0.58623403,-1,-1,-1
219,1,1614.2220458984375,655.3056640625,45.3035888671875,108.889404296875,0.70891356,-1,-1,-1
220,1,1614.24169921875,669.2481079101562,40.56689453125,104.9473876953125,0.6611601,-1,-1,-1
221,1,1615.7843017578125,676.1219482421875,38.091796875,105.85919189453125,0.5434975,-1,-1,-1
222,1,1622.9593505859375,684.5328979492188,31.306884765625,106.2349853515625,0.34055945,-1,-1,-1
223,1,1628.1881103515625,687.1366577148438,29.1337890625,109.90478515625,0.48110718,-1,-1,-1
224,1,1630.002197265625,691.4669189453125,28.62109375,112.09918212890625,0.5927642,-1,-1,-1
225,1,1630.1534423828125,695.5639038085938,29.1917724609375,113.666259765625,0.47173893,-1,-1,-1
226,1,1630.519287109375,703.683349609375,29.78564453125,112.89990234375,0.59829706,-1,-1,-1
227,1,1627.586181640625,718.1727294921875,35.1485595703125,106.52374267578125,0.5561351,-1,-1,-1
228,1,1626.5181884765625,723.1511840820312,36.9764404296875,107.65228271484375,0.72381914,-1,-1,-1
229,1,1626.7896728515625,724.232666015625,37.423583984375,111.57415771484375,0.6812988,-1,-1,-1
230,1,1626.692626953125,726.2059326171875,37.2330322265625,115.97802734375,0.7992749,-1,-1,-1
231,1,1628.2567138671875,725.8413696289062,36.298828125,121.06451416015625,0.6103348,-1,-1,-1
232,1,1628.06884765625,726.581298828125,37.3016357421875,125.70068359375,0.7351077,-1,-1,-1
233,1,1630.017333984375,737.9437255859375,34.51025390625,118.78326416015625,0.56378233,-1,-1,-1
234,1,1630.7811279296875,737.7305908203125,33.7904052734375,123.105712890625,0.5456047,-1,-1,-1
235,1,1634.8934326171875,747.8283081054688,31.6451416015625,119.0811767578125,0.6063716,-1,-1,-1
236,1,1635.5223388671875,752.2487182617188,31.09228515625,118.33807373046875,0.4340622,-1,-1,-1
237,1,1634.4417724609375,753.4071655273438,33.2447509765625,122.475830078125,0.63802534,-1,-1,-1
238,1,1634.866455078125,763.9371337890625,33.8546142578125,116.35882568359375,0.48974243,-1,-1,-1
239,1,1636.0272216796875,768.6181030273438,32.458251953125,114.58038330078125,0.7125755,-1,-1,-1
240,1,1636.4390869140625,771.086181640625,32.3836669921875,115.25921630859375,0.5427328,-1,-1,-1
241,1,1636.9781494140625,777.4286499023438,30.849609375,113.94207763671875,0.48276734,-1,-1,-1
242,1,1634.3472900390625,785.3471069335938,33.3345947265625,108.6085205078125,0.33296803,-1,-1,-1
243,1,1630.3638916015625,800.2239379882812,39.873291015625,97.00140380859375,0.43576726,-1,-1,-1
244,1,1632.8311767578125,808.5294189453125,37.99072265625,94.67462158203125,0.42394635,-1,-1,-1
245,1,1636.212646484375,810.744384765625,36.5118408203125,97.97412109375,0.5431352,-1,-1,-1
246,1,1636.6005859375,816.3936767578125,38.4093017578125,96.47686767578125,0.3372924,-1,-1,-1
247,1,1635.904052734375,828.6724243164062,38.2369384765625,92.76556396484375,0.4956297,-1,-1,-1
248,1,1636.397705078125,834.9692993164062,31.9130859375,92.816162109375,0.40182006,-1,-1,-1
249,1,1635.518798828125,835.9616088867188,29.948486328125,95.2744140625,0.30539158,-1,-1,-1
250,1,1631.5823974609375,844.9208984375,30.751953125,93.581787109375,0.33313048,-1,-1,-1
251,1,1631.8431396484375,844.826416015625,30.1815185546875,99.01129150390625,0.2886739,-1,-1,-1
252,1,1630.8909912109375,844.1704711914062,32.0517578125,103.09112548828125,0.2087621,-1,-1,-1
253,1,1632.2769775390625,846.8998413085938,28.49755859375,105.44317626953125,0.20462215,-1,-1,-1
254,1,1631.435791015625,862.0535278320312,30.2890625,96.72467041015625,0.3115937,-1,-1,-1
255,1,1630.7843017578125,862.2761840820312,31.13720703125,100.09381103515625,0.27004448,-1,-1,-1
256,1,1630.444091796875,863.869873046875,31.3792724609375,102.52685546875,0.3440329,-1,-1,-1
257,1,1631.4566650390625,874.900634765625,28.07861328125,96.99212646484375,0.29404464,-1,-1,-1
258,1,1631.30029296875,880.3204956054688,27.8853759765625,95.833251953125,0.5673555,-1,-1,-1
259,1,1631.833984375,880.0631103515625,26.3807373046875,98.86920166015625,0.37170538,-1,-1,-1
260,1,1631.0865478515625,882.228271484375,26.970458984375,99.978515625,0.3428557,-1,-1,-1
261,1,1630.986572265625,881.8822021484375,27.5548095703125,103.5263671875,0.46322218,-1,-1,-1
262,1,1630.8994140625,882.0812377929688,27.323486328125,107.55902099609375,0.33492863,-1,-1,-1
263,1,1629.371337890625,895.4486694335938,28.984375,98.45660400390625,0.44238085,-1,-1,-1
264,1,1627.68603515625,897.1640014648438,31.7725830078125,98.68792724609375,0.2760129,-1,-1,-1
265,1,1628.47998046875,899.85302734375,29.2249755859375,99.721923828125,0.33304676,-1,-1,-1
266,1,1628.829833984375,904.8901977539062,29.294677734375,98.0821533203125,0.31386697,-1,-1,-1
267,1,1629.0423583984375,906.7084350585938,28.9501953125,101.61041259765625,0.28606927,-1,-1,-1
268,1,1628.1988525390625,906.3711547851562,29.303955078125,104.61151123046875,0.37272826,-1,-1,-1
269,1,1628.0177001953125,912.2033081054688,30.1131591796875,101.2357177734375,0.3284358,-1,-1,-1
270,1,1628.1318359375,911.6704711914062,30.3648681640625,104.007568359375,0.24789532,-1,-1,-1
271,1,1626.7991943359375,916.2390747070312,31.3634033203125,103.77496337890625,0.39749533,-1,-1,-1
272,1,1626.3892822265625,920.7228393554688,32.8875732421875,102.421630859375,0.22409487,-1,-1,-1
273,1,1625.570068359375,918.702392578125,33.953125,106.58349609375,0.19329463,-1,-1,-1
274,1,1625.6300048828125,922.4421997070312,33.0784912109375,106.09735107421875,0.3668964,-1,-1,-1
275,1,1625.7413330078125,928.177978515625,32.954345703125,102.48095703125,0.330851,-1,-1,-1
276,1,1625.8785400390625,928.4935913085938,32.9520263671875,103.90887451171875,0.2340528,-1,-1,-1
277,1,1623.258056640625,932.2239990234375,30.400634765625,103.264404296875,0.4009986,-1,-1,-1
278,1,1623.228515625,936.0971069335938,30.40087890625,102.67572021484375,0.34886158,-1,-1,-1
279,1,1623.0830078125,935.70361328125,30.59228515625,105.7010498046875,0.20721218,-1,-1,-1
280,1,1622.2861328125,939.0033569335938,32.270263671875,104.61383056640625,0.20300873,-1,-1,-1
281,1,1623.8778076171875,942.055419921875,35.8721923828125,102.077880859375,0.1997822,-1,-1,-1
282,1,1620.7506103515625,943.0624389648438,36.979736328125,104.17254638671875,0.17881633,-1,-1,-1
283,1,1621.030517578125,954.5007934570312,42.0013427734375,98.51617431640625,0.29159608,-1,-1,-1
284,1,1616.0244140625,960.2476196289062,46.56982421875,99.56646728515625,0.33572677,-1,-1,-1
285,1,1614.5443115234375,968.2522583007812,48.7099609375,96.06378173828125,0.32995906,-1,-1,-1
286,1,1614.7862548828125,970.162353515625,48.4564208984375,99.70654296875,0.4515614,-1,-1,-1
287,1,1613.92138671875,974.0287475585938,48.447509765625,101.29095458984375,0.43454072,-1,-1,-1
288,1,1613.8843994140625,973.7254028320312,48.231689453125,105.70025634765625,0.629025,-1,-1,-1
289,1,1615.1463623046875,980.7975463867188,46.3839111328125,104.28607177734375,0.42807102,-1,-1,-1
290,1,1615.059326171875,981.7401123046875,46.0989990234375,107.3359375,0.66688746,-1,-1,-1
291,1,1621.8111572265625,985.6806640625,40.2120361328125,105.1285400390625,0.3834734,-1,-1,-1
292,1,1623.359375,987.53564453125,39.927734375,107.22900390625,0.23603013,-1,-1,-1
293,1,1621.9281005859375,995.8384399414062,40.7535400390625,100.73492431640625,0.52668464,-1,-1,-1
294,1,1623.970458984375,1003.0743408203125,38.5467529296875,97.5772705078125,0.6442486,-1,-1,-1
295,1,1623.386962890625,1002.5018920898438,39.0809326171875,102.82806396484375,0.60605043,-1,-1,-1
296,1,1624.1136474609375,1006.2481079101562,37.997314453125,100.96026611328125,0.37734258,-1,-1,-1
297,1,1625.0048828125,1008.9315795898438,37.9375,102.30072021484375,0.60746384,-1,-1,-1
298,1,1623.9373779296875,1009.689697265625,39.0498046875,103.978515625,0.62964386,-1,-1,-1
299,1,1622.5975341796875,1012.2599487304688,40.4454345703125,102.85333251953125,0.5135714,-1,-1,-1
300,1,1622.243896484375,1016.4226684570312,42.43310546875,101.45721435546875,0.39454228,-1,-1,-1
301,1,1622.5450439453125,1019.3710327148438,42.540283203125,100.21502685546875,0.525909,-1,-1,-1
302,1,1622.39208984375,1023.740234375,43.1024169921875,98.6600341796875,0.33894938,-1,-1,-1
303,1,1622.1326904296875,1026.5462646484375,45.3656005859375,99.5732421875,0.50317794,-1,-1,-1
304,1,1621.3509521484375,1027.09423828125,48.609130859375,101.4010009765625,0.57914037,-1,-1,-1
305,1,1620.37841796875,1030.42041015625,49.607177734375,101.329833984375,0.49340573,-1,-1,-1
306,1,1620.0712890625,1030.715087890625,50.5875244140625,102.58203125,0.40691307,-1,-1,-1
307,1,1619.871826171875,1031.075439453125,51.44677734375,105.794921875,0.38285223,-1,-1,-1
308,1,1620.0142822265625,1032.3472900390625,51.1961669921875,105.5859375,0.5146634,-1,-1,-1
309,1,1619.5947265625,1032.2220458984375,51.234619140625,108.5440673828125,0.5438029,-1,-1,-1
310,1,1619.1798095703125,1032.380859375,51.107421875,110.781982421875,0.52578115,-1,-1,-1
311,1,1619.078369140625,1032.8123779296875,50.952392578125,111.947998046875,0.46943372,-1,-1,-1
312,1,1620.9232177734375,1041.6435546875,42.3118896484375,104.4774169921875,0.27086622,-1,-1,-1
313,1,1619.8760986328125,1047.735107421875,45.024658203125,99.775634765625,0.3943378,-1,-1,-1
314,1,1618.5115966796875,1057.1409912109375,48.0706787109375,92.3321533203125,0.47755,-1,-1,-1
315,1,1616.2969970703125,1066.2191162109375,52.8255615234375,86.674072265625,0.44063637,-1,-1,-1
316,1,1614.558837890625,1065.0780029296875,55.6846923828125,93.37548828125,0.5548383,-1,-1,-1
317,1,1611.982666015625,1067.3475341796875,60.6094970703125,95.1531982421875,0.48240367,-1,-1,-1
318,1,1609.8590087890625,1067.63623046875,66.3095703125,100.4481201171875,0.54867536,-1,-1,-1
319,1,1609.5084228515625,1068.5823974609375,68.326416015625,103.429443359375,0.7846125,-1,-1,-1
320,1,1607.766357421875,1071.849365234375,72.934326171875,105.1834716796875,0.59545004,-1,-1,-1
321,1,1607.447998046875,1076.35888671875,75.064453125,104.084228515625,0.8041942,-1,-1,-1
322,1,1607.45703125,1076.7379150390625,76.968017578125,107.2552490234375,0.80328715,-1,-1,-1
323,1,1608.3265380859375,1082.2039794921875,78.024658203125,104.8072509765625,0.59963775,-1,-1,-1
324,1,1608.1895751953125,1081.844970703125,79.5484619140625,107.868408203125,0.609155,-1,-1,-1
325,1,1615.324951171875,1088.955810546875,75.7894287109375,104.8206787109375,0.6359053,-1,-1,-1
326,1,1614.994140625,1091.1580810546875,77.943359375,105.9996337890625,0.8146404,-1,-1,-1
327,1,1617.83642578125,1095.8529052734375,76.6513671875,103.640625,0.6564758,-1,-1,-1
328,1,1618.99267578125,1095.895751953125,79.07861328125,107.138427734375,0.48761418,-1,-1,-1
329,1,1619.6019287109375,1097.861083984375,79.385498046875,107.963623046875,0.6094492,-1,-1,-1
330,1,1624.390625,1100.8634033203125,74.9755859375,108.1409912109375,0.8580613,-1,-1,-1
331,1,1625.279052734375,1100.98779296875,75.647216796875,110.7132568359375,0.8400412,-1,-1,-1
332,1,1626.0516357421875,1102.794677734375,75.9541015625,110.8726806640625,0.65772825,-1,-1,-1
333,1,1629.244873046875,1110.866943359375,75.30712890625,106.2745361328125,0.6586634,-1,-1,-1
334,1,1628.59716796875,1111.1588134765625,77.1776123046875,107.72119140625,0.7365813,-1,-1,-1
335,1,1628.4453125,1113.3472900390625,78.5,106.6593017578125,0.59943837,-1,-1,-1
336,1,1628.66162109375,1114.8626708984375,79.1376953125,107.518798828125,0.6545187,-1,-1,-1
337,1,1632.62939453125,1114.2886962890625,75.1917724609375,109.8741455078125,0.7392686,-1,-1,-1
338,1,1632.0772705078125,1114.4632568359375,77.258056640625,112.3719482421875,0.7642443,-1,-1,-1
339,1,1632.438720703125,1116.951171875,77.9912109375,111.7017822265625,0.62672675,-1,-1,-1
340,1,1632.281494140625,1117.0777587890625,79.1937255859375,112.7239990234375,0.5581318,-1,-1,-1
341,1,1631.184814453125,1116.40380859375,81.659423828125,115.0843505859375,0.51673,-1,-1,-1
342,1,1636.754150390625,1123.0487060546875,77.7744140625,110.622314453125,0.5338166,-1,-1,-1
343,1,1637.134765625,1126.5576171875,78.07666015625,108.083984375,0.58905125,-1,-1,-1
344,1,1637.4593505859375,1126.8114013671875,79.0977783203125,110.307861328125,0.6010819,-1,-1,-1
345,1,1641.695556640625,1131.7481689453125,75.5531005859375,107.9146728515625,0.5778176,-1,-1,-1
346,1,1641.8299560546875,1131.5770263671875,76.149169921875,110.092529296875,0.65866286,-1,-1,-1
347,1,1642.26171875,1131.5196533203125,75.28125,112.159912109375,0.65748966,-1,-1,-1
348,1,1646.8763427734375,1144.468505859375,65.52978515625,100.368408203125,0.680233,-1,-1,-1
349,1,1649.22314453125,1154.9342041015625,59.1553955078125,94.6256103515625,0.60980934,-1,-1,-1
350,1,1651.838623046875,1156.8763427734375,54.46240234375,97.826904296875,0.7112801,-1,-1,-1
351,1,1661.6195068359375,1161.87158203125,45.2186279296875,99.0762939453125,0.44320956,-1,-1,-1
352,1,1669.7039794921875,1158.7088623046875,37.344970703125,107.641357421875,0.4284451,-1,-1,-1
353,1,1672.0726318359375,1160.217529296875,34.0576171875,113.0262451171875,0.21325444,-1,-1,-1
354,1,1671.65478515625,1164.0823974609375,34.4031982421875,117.3984375,0.28061512,-1,-1,-1
355,1,1671.5067138671875,1169.8955078125,33.6337890625,118.294189453125,0.3206028,-1,-1,-1
356,1,1672.2117919921875,1174.9334716796875,32.6119384765625,117.8260498046875,0.39532438,-1,-1,-1
357,1,1669.2060546875,1182.8111572265625,36.250244140625,116.23388671875,0.4188051,-1,-1,-1
358,1,1668.642822265625,1184.302978515625,36.0308837890625,121.6820068359375,0.32765946,-1,-1,-1
359,1,1669.235595703125,1188.552001953125,34.2470703125,122.978515625,0.31164822,-1,-1,-1
360,1,1668.604736328125,1196.2000732421875,35.1380615234375,121.491455078125,0.33538264,-1,-1,-1
361,1,1669.68115234375,1197.8770751953125,31.9871826171875,120.1009521484375,0.31793392,-1,-1,-1
362,1,1667.7935791015625,1199.8974609375,35.3638916015625,115.98583984375,0.432322,-1,-1,-1
363,1,1663.134521484375,1205.63525390625,43.6229248046875,108.0087890625,0.35035762,-1,-1,-1
364,1,1661.0592041015625,1214.404296875,48.6212158203125,102.4591064453125,0.62796575,-1,-1,-1
365,1,1659.29345703125,1215.263671875,51.5345458984375,103.6011962890625,0.59639007,-1,-1,-1
366,1,1656.51220703125,1216.184326171875,55.723876953125,102.8406982421875,0.4741916,-1,-1,-1
367,1,1650.9945068359375,1214.4080810546875,60.5489501953125,103.1065673828125,0.47243747,-1,-1,-1
368,1,1645.1856689453125,1216.239501953125,68.863037109375,99.025634765625,0.7162358,-1,-1,-1
369,1,1639.7559814453125,1217.4405517578125,72.0423583984375,95.532470703125,0.4852825,-1,-1,-1
370,1,1633.58642578125,1221.99462890625,77.7811279296875,87.5609130859375,0.44236732,-1,-1,-1
371,1,1631.4580078125,1231.41357421875,82.1331787109375,78.2447509765625,0.52053297,-1,-1,-1
372,1,1628.98974609375,1236.0732421875,87.1973876953125,73.308837890625,0.64051616,-1,-1,-1
373,1,1624.65869140625,1241.460693359375,95.6805419921875,67.99853515625,0.6352204,-1,-1,-1
374,1,1621.9119873046875,1246.4163818359375,101.319091796875,64.5469970703125,0.6708835,-1,-1,-1
375,1,1617.56494140625,1253.392578125,108.7142333984375,57.8958740234375,0.83831114,-1,-1,-1
376,1,1615.2174072265625,1259.6024169921875,112.030517578125,54.5933837890625,0.74819416,-1,-1,-1
377,1,1611.6275634765625,1262.558349609375,115.84912109375,52.2041015625,0.85121965,-1,-1,-1
378,1,1607.2939453125,1264.700439453125,119.9833984375,52.2139892578125,0.731945,-1,-1,-1
379,1,1605.7305908203125,1268.8756103515625,117.696044921875,48.16162109375,0.40654925,-1,-1,-1
380,1,1603.1375732421875,1269.8065185546875,120.4552001953125,51.196044921875,0.50832266,-1,-1,-1
381,1,1600.0382080078125,1269.7291259765625,123.0955810546875,51.85009765625,0.4894307,-1,-1,-1
382,1,1597.93359375,1269.7017822265625,115.1497802734375,52.15673828125,0.4963429,-1,-1,-1
383,1,1593.5885009765625,1268.8448486328125,118.5250244140625,54.2857666015625,0.65341765,-1,-1,-1
384,1,1590.4512939453125,1268.12158203125,123.5345458984375,56.3878173828125,0.5875423,-1,-1,-1
385,1,1589.0491943359375,1269.4517822265625,112.929443359375,55.5562744140625,0.7566539,-1,-1,-1
386,1,1586.008056640625,1268.966552734375,114.96875,55.617431640625,0.5957862,-1,-1,-1
387,1,1585.3177490234375,1268.2767333984375,106.74853515625,55.4208984375,0.5429233,-1,-1,-1
388,1,1582.317138671875,1268.2509765625,110.6810302734375,54.916015625,0.65879387,-1,-1,-1
389,1,1574.5155029296875,1262.72265625,118.3870849609375,59.7242431640625,0.5690737,-1,-1,-1
390,1,1573.8682861328125,1262.2706298828125,111.8687744140625,60.35888671875,0.71413213,-1,-1,-1
391,1,1571.778564453125,1260.094970703125,112.7886962890625,62.7042236328125,0.7889776,-1,-1,-1
392,1,1567.7535400390625,1259.9898681640625,116.5755615234375,62.7744140625,0.7404375,-1,-1,-1
393,1,1565.510986328125,1262.2171630859375,113.597900390625,60.702392578125,0.58157647,-1,-1,-1
394,1,1565.40966796875,1267.0994873046875,109.945556640625,56.9691162109375,0.72689706,-1,-1,-1
395,1,1562.33203125,1267.06103515625,114.33154296875,57.058837890625,0.73703885,-1,-1,-1
396,1,1560.4169921875,1269.0911865234375,117.0660400390625,52.365234375,0.7151823,-1,-1,-1
397,1,1558.443603515625,1271.7640380859375,107.015869140625,46.94091796875,0.4573998,-1,-1,-1
398,1,1557.2718505859375,1274.3101806640625,106.986328125,45.9312744140625,0.5964192,-1,-1,-1
399,1,1556.2720947265625,1270.1563720703125,96.8629150390625,52.3782958984375,0.4893137,-1,-1,-1
400,1,1550.0594482421875,1269.578857421875,92.9339599609375,55.0645751953125,0.41581118,-1,-1,-1
401,1,1547.505615234375,1270.5115966796875,95.7764892578125,53.2725830078125,0.4906429,-1,-1,-1
402,1,1538.0274658203125,1268.710693359375,100.37158203125,54.59326171875,0.32877612,-1,-1,-1
403,1,1535.636474609375,1263.88427734375,104.956298828125,58.5355224609375,0.34254545,-1,-1,-1
404,1,1531.5897216796875,1262.047119140625,109.0601806640625,62.1845703125,0.5729748,-1,-1,-1
405,1,1525.9217529296875,1258.763671875,114.818359375,68.3016357421875,0.41676998,-1,-1,-1
406,1,1520.773681640625,1257.7242431640625,112.2159423828125,67.8997802734375,0.7058007,-1,-1,-1
407,1,1515.5250244140625,1254.7840576171875,121.40478515625,70.94921875,0.5973939,-1,-1,-1
408,1,1511.7003173828125,1253.4273681640625,116.562255859375,67.891357421875,0.69308996,-1,-1,-1
409,1,1506.3563232421875,1244.763671875,112.96142578125,69.024169921875,0.5551996,-1,-1,-1
410,1,1503.1776123046875,1243.9171142578125,116.054443359375,70.3721923828125,0.65008914,-1,-1,-1
411,1,1499.8759765625,1239.545166015625,119.4136962890625,73.2032470703125,0.51096624,-1,-1,-1
412,1,1496.5587158203125,1239.9234619140625,113.9085693359375,71.7117919921875,0.74205726,-1,-1,-1
413,1,1492.306884765625,1237.7344970703125,119.2347412109375,74.2877197265625,0.7894831,-1,-1,-1
414,1,1487.441650390625,1237.473388671875,117.6793212890625,71.8040771484375,0.6881343,-1,-1,-1
415,1,1484.5341796875,1237.260009765625,119.8067626953125,71.81982421875,0.75192463,-1,-1,-1
416,1,1480.4769287109375,1234.211669921875,123.111083984375,74.6414794921875,0.6705155,-1,-1,-1
417,1,1475.4844970703125,1233.7232666015625,124.0361328125,72.8809814453125,0.4265961,-1,-1,-1
418,1,1473.180419921875,1230.999267578125,123.373291015625,72.50439453125,0.6076664,-1,-1,-1
419,1,1468.8145751953125,1229.309326171875,128.6912841796875,74.9158935546875,0.56101483,-1,-1,-1
420,1,1465.4664306640625,1229.6820068359375,128.0311279296875,72.956298828125,0.55037206,-1,-1,-1
421,1,1465.26025390625,1223.1795654296875,110.6749267578125,71.7940673828125,0.6404971,-1,-1,-1
422,1,1462.895751953125,1222.4095458984375,111.4036865234375,72.6025390625,0.7318965,-1,-1,-1
423,1,1460.4381103515625,1220.4483642578125,114.4132080078125,74.937744140625,0.7571322,-1,-1,-1
424,1,1458.5758056640625,1219.2860107421875,114.257080078125,75.45556640625,0.5896975,-1,-1,-1
425,1,1456.333740234375,1220.005615234375,112.0135498046875,74.0047607421875,0.7040434,-1,-1,-1
426,1,1454.0240478515625,1218.1484375,114.9444580078125,75.8060302734375,0.7689265,-1,-1,-1
427,1,1451.4632568359375,1217.5047607421875,113.899658203125,74.421142578125,0.6477519,-1,-1,-1
428,1,1449.3851318359375,1216.3701171875,116.3748779296875,75.722412109375,0.5744976,-1,-1,-1
429,1,1446.1959228515625,1215.8677978515625,114.753173828125,75.4501953125,0.5273752,-1,-1,-1
430,1,1445.77294921875,1214.2001953125,110.2677001953125,69.79345703125,0.6823411,-1,-1,-1
431,1,1442.3621826171875,1212.91943359375,112.9949951171875,70.3865966796875,0.5519211,-1,-1,-1
432,1,1440.4451904296875,1212.5411376953125,109.3697509765625,70.27099609375,0.6742915,-1,-1,-1
433,1,1438.53466796875,1210.7000732421875,111.010986328125,68.6495361328125,0.6466619,-1,-1,-1
434,1,1436.920166015625,1209.568115234375,112.33251953125,70.315673828125,0.61234003,-1,-1,-1
435,1,1435.71630859375,1206.419189453125,114.48828125,72.002685546875,0.5581329,-1,-1,-1
436,1,1430.836669921875,1210.6971435546875,111.2705078125,67.82421875,0.4920023,-1,-1,-1
437,1,1425.3692626953125,1214.648681640625,88.6527099609375,60.323486328125,0.6233238,-1,-1,-1
438,1,1425.6942138671875,1213.1663818359375,82.110595703125,55.7916259765625,0.74256814,-1,-1,-1
439,1,1424.907958984375,1211.9820556640625,79.5792236328125,55.1109619140625,0.56813645,-1,-1,-1
440,1,1419.135498046875,1208.603515625,84.354248046875,56.44384765625,0.69333035,-1,-1,-1
441,1,1413.783203125,1206.499267578125,94.2313232421875,62.05908203125,0.7625057,-1,-1,-1
442,1,1406.425048828125,1203.665771484375,99.876220703125,71.3216552734375,0.70922923,-1,-1,-1
443,1,1400.5250244140625,1200.1134033203125,99.4638671875,79.4503173828125,0.7512151,-1,-1,-1
444,1,1395.1107177734375,1198.8658447265625,94.6983642578125,83.7012939453125,0.7278185,-1,-1,-1
445,1,1388.2470703125,1199.9183349609375,93.689208984375,88.8121337890625,0.5556256,-1,-1,-1
446,1,1384.0325927734375,1201.2005615234375,93.26123046875,90.4991455078125,0.55979514,-1,-1,-1
447,1,1378.7109375,1203.89990234375,94.1904296875,91.018310546875,0.7108081,-1,-1,-1
448,1,1372.8792724609375,1209.8480224609375,93.4285888671875,88.5909423828125,0.49810144,-1,-1,-1
449,1,1370.738037109375,1214.2191162109375,94.9229736328125,87.60302734375,0.73708034,-1,-1,-1
450,1,1368.3653564453125,1220.0550537109375,95.48828125,86.8087158203125,0.8410677,-1,-1,-1
451,1,1365.5086669921875,1226.6669921875,97.8709716796875,82.56298828125,0.5466438,-1,-1,-1
452,1,1360.6004638671875,1230.911865234375,99.822998046875,81.3017578125,0.73677474,-1,-1,-1
453,1,1359.3182373046875,1233.7978515625,99.3922119140625,82.71435546875,0.70628786,-1,-1,-1
454,1,1359.054443359375,1239.4114990234375,95.9632568359375,80.182861328125,0.6596355,-1,-1,-1
455,1,1357.7137451171875,1242.4373779296875,95.965576171875,80.572265625,0.5211562,-1,-1,-1
456,1,1354.1171875,1241.6607666015625,96.0057373046875,83.7686767578125,0.4923841,-1,-1,-1
457,1,1351.600830078125,1242.4085693359375,96.6507568359375,83.972412109375,0.53764117,-1,-1,-1
458,1,1348.43701171875,1239.215087890625,97.5172119140625,87.62841796875,0.54293793,-1,-1,-1
459,1,1344.7908935546875,1236.207763671875,98.784423828125,91.055908203125,0.60170937,-1,-1,-1
460,1,1343.5609130859375,1237.1376953125,100.65625,87.5196533203125,0.6716624,-1,-1,-1
461,1,1337.5283203125,1230.96875,96.4278564453125,89.8505859375,0.40224296,-1,-1,-1
462,1,1334.9879150390625,1231.60986328125,92.8646240234375,86.1710205078125,0.6307372,-1,-1,-1
463,1,1331.17041015625,1245.392333984375,84.4520263671875,69.89599609375,0.61429197,-1,-1,-1
464,1,1326.7979736328125,1252.833740234375,90.488525390625,61.720703125,0.482133,-1,-1,-1
465,1,1319.157470703125,1261.2899169921875,99.0816650390625,53.61376953125,0.4768473,-1,-1,-1
466,1,1314.6947021484375,1268.736328125,106.071533203125,45.070556640625,0.61102027,-1,-1,-1
467,1,1311.1851806640625,1276.837890625,108.3114013671875,38.317626953125,0.5980195,-1,-1,-1
468,1,1306.0810546875,1280.322021484375,115.1402587890625,33.196533203125,0.43750665,-1,-1,-1
469,1,1300.2559814453125,1282.31298828125,117.9329833984375,30.9664306640625,0.5690903,-1,-1,-1
470,1,1297.1195068359375,1281.230224609375,123.1448974609375,32.5557861328125,0.37501028,-1,-1,-1
471,1,1292.992919921875,1280.4398193359375,127.9356689453125,33.32470703125,0.35907844,-1,-1,-1
472,1,1287.9517822265625,1281.4927978515625,126.0263671875,32.509521484375,0.31233716,-1,-1,-1
473,1,1283.57080078125,1281.344482421875,132.4608154296875,33.0145263671875,0.2989173,-1,-1,-1
474,1,1280.0838623046875,1280.8447265625,135.9071044921875,33.1387939453125,0.20807809,-1,-1,-1
475,1,1276.4652099609375,1281.2515869140625,132.697021484375,32.39990234375,0.117472045,-1,-1,-1
476,1,1272.7369384765625,1281.774658203125,123.15234375,30.43115234375,0.3303399,-1,-1,-1
477,1,1269.16552734375,1281.520263671875,128.4078369140625,30.7496337890625,0.42561522,-1,-1,-1
478,1,1264.947265625,1281.9112548828125,122.2935791015625,30.574462890625,0.27140966,-1,-1,-1
479,1,1261.3399658203125,1280.929443359375,126.644287109375,32.7166748046875,0.23173821,-1,-1,-1
480,1,1257.6749267578125,1280.37255859375,131.307861328125,33.598876953125,0.2209665,-1,-1,-1
481,1,1254.8878173828125,1278.7069091796875,121.418701171875,29.4454345703125,0.15324533,-1,-1,-1
499,1,1215.80224609375,1272.41259765625,93.0989990234375,53.0872802734375,0.15324533,-1,-1,-1
500,1,1210.5655517578125,1266.8524169921875,92.2823486328125,65.5511474609375,0.80139494,-1,-1,-1
501,1,1216.3829345703125,1264.225341796875,79.383056640625,70.3377685546875,0.78281856,-1,-1,-1
502,1,1218.0057373046875,1261.64697265625,73.864501953125,74.6171875,0.7061279,-1,-1,-1
503,1,1215.5999755859375,1260.45751953125,65.319580078125,76.5992431640625,0.67182827,-1,-1,-1
504,1,1214.421630859375,1255.491943359375,67.141357421875,80.95263671875,0.60031486,-1,-1,-1
505,1,1215.9879150390625,1253.6153564453125,66.515380859375,83.8924560546875,0.52924556,-1,-1,-1
506,1,1213.7144775390625,1248.1409912109375,70.5521240234375,88.1385498046875,0.6883341,-1,-1,-1
507,1,1211.6529541015625,1246.5135498046875,77.236083984375,88.5142822265625,0.48632747,-1,-1,-1
508,1,1214.4305419921875,1247.233154296875,80.7061767578125,84.1002197265625,0.6960693,-1,-1,-1
509,1,1215.12890625,1253.71337890625,83.6907958984375,75.4859619140625,0.7029253,-1,-1,-1
510,1,1212.3138427734375,1262.421875,91.9886474609375,67.93115234375,0.6287583,-1,-1,-1
511,1,1205.8338623046875,1271.3934326171875,104.9560546875,58.9384765625,0.381621,-1,-1,-1
512,1,1207.728515625,1292.328125,110.63818359375,42.1480712890625,0.66522753,-1,-1,-1
513,1,1205.853759765625,1294.6143798828125,119.9412841796875,43.67919921875,0.7873202,-1,-1,-1
514,1,1207.5303955078125,1291.5413818359375,124.86181640625,46.455322265625,0.6612831,-1,-1,-1
515,1,1219.9244384765625,1289.7200927734375,118.338623046875,48.3944091796875,0.74811447,-1,-1,-1
516,1,1220.6783447265625,1289.1871337890625,124.27587890625,50.044189453125,0.84136236,-1,-1,-1
517,1,1235.0179443359375,1299.6114501953125,114.689453125,42.7420654296875,0.46288794,-1,-1,-1
518,1,1245.6572265625,1306.584228515625,109.8984375,38.0118408203125,0.7188691,-1,-1,-1
519,1,1248.2130126953125,1305.5538330078125,115.1719970703125,42.3876953125,0.5639439,-1,-1,-1
520,1,1251.923583984375,1306.0416259765625,115.568115234375,41.6295166015625,0.4478356,-1,-1,-1
521,1,1262.501708984375,1297.4298095703125,111.13134765625,49.929931640625,0.72385156,-1,-1,-1
522,1,1266.3001708984375,1299.331787109375,117.595458984375,45.926513671875,0.79418397,-1,-1,-1
523,1,1290.226806640625,1306.8701171875,104.96826171875,38.88525390625,0.39607978,-1,-1,-1
524,1,1300.8673095703125,1311.53271484375,102.57177734375,39.7437744140625,0.38279667,-1,-1,-1
525,1,1300.1851806640625,1309.7562255859375,114.8846435546875,45.74755859375,0.5457587,-1,-1,-1
526,1,1303.6123046875,1310.2578125,120.48779296875,43.3758544921875,0.40266758,-1,-1,-1
527,1,1314.7037353515625,1309.37890625,118.9547119140625,43.19677734375,0.50968266,-1,-1,-1
528,1,1320.0284423828125,1309.541259765625,122.193603515625,40.2200927734375,0.3052022,-1,-1,-1
529,1,1331.3021240234375,1308.8636474609375,117.774658203125,30.780029296875,0.6912333,-1,-1,-1
530,1,1338.0137939453125,1307.4150390625,120.924560546875,29.0411376953125,0.55423486,-1,-1,-1
531,1,1342.5006103515625,1306.73291015625,120.579345703125,29.5452880859375,0.323551,-1,-1,-1
532,1,1349.3592529296875,1305.7525634765625,121.5262451171875,30.6796875,0.4536913,-1,-1,-1
533,1,1354.7257080078125,1302.1346435546875,123.8006591796875,31.4703369140625,0.39344677,-1,-1,-1
534,1,1358.660888671875,1300.7156982421875,127.0367431640625,33.316162109375,0.31876543,-1,-1,-1
535,1,1369.644287109375,1300.236328125,123.6270751953125,34.696044921875,0.4567803,-1,-1,-1
536,1,1377.4190673828125,1300.1439208984375,123.2825927734375,35.3680419921875,0.39770707,-1,-1,-1
537,1,1381.214599609375,1298.7735595703125,125.535888671875,38.065673828125,0.5010965,-1,-1,-1
538,1,1383.8504638671875,1298.2427978515625,127.9832763671875,38.274169921875,0.4879365,-1,-1,-1
539,1,1385.8001708984375,1298.9844970703125,131.27490234375,36.9664306640625,0.49145603,-1,-1,-1
540,1,1395.67041015625,1298.316650390625,127.936767578125,38.5816650390625,0.5150855,-1,-1,-1
541,1,1399.336669921875,1298.31689453125,130.58837890625,37.396728515625,0.5972998,-1,-1,-1
542,1,1403.3221435546875,1297.517333984375,132.0797119140625,37.859375,0.6536057,-1,-1,-1
543,1,1406.116943359375,1297.0135498046875,133.7545166015625,38.2083740234375,0.5877026,-1,-1,-1
544,1,1411.0286865234375,1296.8800048828125,134.1700439453125,38.2960205078125,0.62216854,-1,-1,-1
545,1,1417.93408203125,1297.2891845703125,133.2349853515625,38.1820068359375,0.78246456,-1,-1,-1
546,1,1423.709228515625,1296.52587890625,132.33349609375,37.637939453125,0.6192387,-1,-1,-1
547,1,1423.6168212890625,1295.1611328125,138.2191162109375,39.9371337890625,0.7692889,-1,-1,-1
548,1,1430.5130615234375,1295.5491943359375,135.0018310546875,38.6951904296875,0.54679745,-1,-1,-1
549,1,1428.54736328125,1294.379638671875,141.644775390625,40.115234375,0.63628846,-1,-1,-1
550,1,1434.4080810546875,1294.4189453125,139.359130859375,37.4288330078125,0.47751886,-1,-1,-1
551,1,1442.2427978515625,1295.420166015625,136.850341796875,34.626953125,0.62039894,-1,-1,-1
552,1,1443.9063720703125,1294.7159423828125,137.5179443359375,35.7891845703125,0.29622856,-1,-1,-1
553,1,1447.0367431640625,1292.8204345703125,140.5599365234375,39.352783203125,0.37460735,-1,-1,-1
554,1,1449.7440185546875,1291.93994140625,141.79638671875,41.540283203125,0.3259319,-1,-1,-1
555,1,1455.2607421875,1292.6494140625,141.77734375,40.0565185546875,0.44817343,-1,-1,-1
556,1,1461.611328125,1290.26171875,140.1275634765625,38.39208984375,0.25863138,-1,-1,-1
557,1,1466.027099609375,1288.6982421875,136.982421875,42.6746826171875,0.27133903,-1,-1,-1
558,1,1481.7523193359375,1288.5726318359375,119.8988037109375,50.77392578125,0.65522397,-1,-1,-1
559,1,1490.100341796875,1285.5250244140625,110.2252197265625,61.435791015625,0.74683505,-1,-1,-1
560,1,1504.5267333984375,1281.380126953125,96.568115234375,73.9505615234375,0.7091557,-1,-1,-1
561,1,1513.911376953125,1270.6844482421875,93.02734375,89.6341552734375,0.7579436,-1,-1,-1
562,1,1515.2821044921875,1268.772705078125,101.7132568359375,98.777587890625,0.5505643,-1,-1,-1
563,1,1524.948486328125,1268.686767578125,98.3563232421875,108.3677978515625,0.5161302,-1,-1,-1
564,1,1522.7486572265625,1269.2933349609375,107.188720703125,115.3160400390625,0.7310185,-1,-1,-1
565,1,1535.47802734375,1273.93408203125,102.2911376953125,117.4906005859375,0.79024917,-1,-1,-1
566,1,1541.4554443359375,1284.479736328125,103.6929931640625,107.472900390625,0.77617794,-1,-1,-1
567,1,1542.49560546875,1290.5906982421875,109.3677978515625,104.7752685546875,0.66463506,-1,-1,-1
568,1,1547.981201171875,1291.1790771484375,111.3175048828125,104.0843505859375,0.7327623,-1,-1,-1
569,1,1551.0169677734375,1294.0113525390625,113.808837890625,96.3526611328125,0.5815431,-1,-1,-1
570,1,1552.4815673828125,1294.9381103515625,116.5767822265625,94.3658447265625,0.74912333,-1,-1,-1
571,1,1566.52294921875,1310.703857421875,105.0478515625,79.2410888671875,0.7935131,-1,-1,-1
572,1,1570.7408447265625,1323.7481689453125,102.700439453125,67.5670166015625,0.75400007,-1,-1,-1
573,1,1567.5447998046875,1334.2574462890625,109.3502197265625,58.290771484375,0.66736776,-1,-1,-1
574,1,1567.961181640625,1337.9305419921875,116.120849609375,56.42236328125,0.80175877,-1,-1,-1
575,1,1569.101318359375,1337.0936279296875,121.6234130859375,55.970703125,0.7788602,-1,-1,-1
576,1,1570.6463623046875,1334.7059326171875,126.7017822265625,60.0130615234375,0.7399426,-1,-1,-1
577,1,1574.28466796875,1332.9595947265625,128.9471435546875,62.326416015625,0.676355,-1,-1,-1
578,1,1575.42822265625,1330.9736328125,135.070556640625,66.7352294921875,0.7876648,-1,-1,-1
579,1,1582.480712890625,1329.435546875,130.976318359375,68.2340087890625,0.57177824,-1,-1,-1
580,1,1588.6298828125,1328.255859375,131.607177734375,69.1036376953125,0.7144073,-1,-1,-1
581,1,1593.93798828125,1325.0823974609375,131.1444091796875,69.2728271484375,0.75737244,-1,-1,-1
582,1,1595.1907958984375,1322.390869140625,134.93017578125,70.6114501953125,0.8217313,-1,-1,-1
583,1,1596.0111083984375,1320.955810546875,137.4620361328125,70.847900390625,0.6140755,-1,-1,-1
584,1,1605.6805419921875,1320.3544921875,132.2470703125,68.523681640625,0.7482671,-1,-1,-1
585,1,1607.448974609375,1319.5008544921875,136.7265625,69.84375,0.57885045,-1,-1,-1
586,1,1610.728759765625,1316.7166748046875,136.3572998046875,70.234619140625,0.7998325,-1,-1,-1
587,1,1620.02392578125,1317.2098388671875,130.1162109375,67.955078125,0.79290897,-1,-1,-1
588,1,1620.8485107421875,1314.1920166015625,134.31005859375,71.78173828125,0.8626739,-1,-1,-1
589,1,1626.0098876953125,1312.2606201171875,134.64404296875,71.168701171875,0.7463641,-1,-1,-1
590,1,1631.382568359375,1311.601806640625,132.0487060546875,71.74658203125,0.78037035,-1,-1,-1
591,1,1630.7379150390625,1310.8203125,135.5506591796875,72.42529296875,0.5803445,-1,-1,-1
592,1,1634.588623046875,1309.393798828125,135.897216796875,73.666748046875,0.6350745,-1,-1,-1
593,1,1636.37451171875,1305.3798828125,137.4813232421875,75.7464599609375,0.6730103,-1,-1,-1
594,1,1635.0050048828125,1303.8790283203125,142.529541015625,78.150146484375,0.6494512,-1,-1,-1
595,1,1644.2923583984375,1303.2576904296875,136.189697265625,76.2833251953125,0.84369314,-1,-1,-1
596,1,1650.01611328125,1300.636962890625,135.1981201171875,77.242919921875,0.69513094,-1,-1,-1
597,1,1651.1873779296875,1299.057373046875,137.19873046875,79.4990234375,0.85224116,-1,-1,-1
598,1,1650.3800048828125,1298.3604736328125,140.5611572265625,82.4903564453125,0.8687237,-1,-1,-1
599,1,1656.4415283203125,1298.5286865234375,134.9998779296875,80.0787353515625,0.6907023,-1,-1,-1
600,1,1657.4835205078125,1297.43310546875,138.6064453125,81.6458740234375,0.71047777,-1,-1,-1
601,1,1662.551025390625,1294.2540283203125,136.640869140625,80.0242919921875,0.73423195,-1,-1,-1
602,1,1668.6824951171875,1291.40576171875,127.542236328125,79.3173828125,0.6948071,-1,-1,-1
603,1,1671.2855224609375,1270.6231689453125,119.996826171875,89.3812255859375,0.7357869,-1,-1,-1
604,1,1676.475830078125,1265.9237060546875,106.0985107421875,88.25,0.61347854,-1,-1,-1
605,1,1692.5810546875,1260.799560546875,89.982421875,96.64794921875,0.4355476,-1,-1,-1
606,1,1709.033203125,1249.9224853515625,76.7451171875,114.046875,0.4609202,-1,-1,-1
607,1,1734.2843017578125,1235.6370849609375,53.340576171875,132.046630859375,0.44088557,-1,-1,-1
608,1,1752.079833984375,1222.320068359375,38.9788818359375,142.4896240234375,0.33949417,-1,-1,-1
609,1,1747.6649169921875,1209.2867431640625,45.0933837890625,145.9837646484375,0.48135227,-1,-1,-1
610,1,1744.097900390625,1197.36962890625,49.78271484375,149.691162109375,0.44280428,-1,-1,-1
611,1,1747.499755859375,1185.5904541015625,46.123291015625,139.7689208984375,0.53460586,-1,-1,-1
612,1,1745.8765869140625,1171.8997802734375,49.623046875,146.9332275390625,0.24498375,-1,-1,-1
613,1,1764.0106201171875,1160.7667236328125,32.8043212890625,144.749755859375,0.5036221,-1,-1,-1
614,1,1767.1966552734375,1150.7618408203125,30.72509765625,145.894775390625,0.42937902,-1,-1,-1
615,1,1769.55859375,1139.7886962890625,31.3345947265625,147.568115234375,0.31188568,-1,-1,-1
616,1,1769.9078369140625,1130.6815185546875,31.169921875,150.6199951171875,0.39080387,-1,-1,-1
617,1,1771.09033203125,1121.9644775390625,29.21240234375,145.761474609375,0.42206922,-1,-1,-1
618,1,1771.1834716796875,1114.182373046875,29.6973876953125,145.9298095703125,0.4786707,-1,-1,-1
619,1,1772.1934814453125,1104.998779296875,28.647705078125,146.174560546875,0.45400724,-1,-1,-1
620,1,1772.3837890625,1096.9527587890625,29.1796875,143.599365234375,0.46024826,-1,-1,-1
621,1,1772.43505859375,1087.856689453125,29.420654296875,145.95361328125,0.60419357,-1,-1,-1
622,1,1772.8140869140625,1080.9971923828125,29.4501953125,146.4674072265625,0.6470258,-1,-1,-1
623,1,1772.96240234375,1073.653564453125,30.551025390625,144.7152099609375,0.6538639,-1,-1,-1
624,1,1772.31689453125,1066.445556640625,31.2034912109375,143.5162353515625,0.7158443,-1,-1,-1
625,1,1772.1693115234375,1059.3336181640625,35.520751953125,142.7305908203125,0.6678435,-1,-1,-1
626,1,1769.34228515625,1053.4471435546875,43.76220703125,133.806884765625,0.5704209,-1,-1,-1
627,1,1765.548583984375,1045.225341796875,50.8572998046875,130.3104248046875,0.4245674,-1,-1,-1
628,1,1764.46533203125,1035.6983642578125,52.1396484375,131.0040283203125,0.57735807,-1,-1,-1
629,1,1759.5927734375,1024.1226196289062,58.241943359375,131.23858642578125,0.797344,-1,-1,-1
630,1,1757.5955810546875,1013.6600952148438,61.7276611328125,130.05145263671875,0.85085523,-1,-1,-1
631,1,1760.0443115234375,1003.0864868164062,60.404541015625,128.92620849609375,0.74783784,-1,-1,-1
632,1,1766.422119140625,993.0418090820312,56.0826416015625,132.37030029296875,0.7115208,-1,-1,-1
633,1,1772.39697265625,982.6212768554688,52.010986328125,138.78131103515625,0.8269636,-1,-1,-1
634,1,1782.431396484375,975.0516357421875,42.490234375,140.179443359375,0.79137504,-1,-1,-1
635,1,1789.5965576171875,967.2897338867188,35.75341796875,137.79193115234375,0.69189084,-1,-1,-1
636,1,1794.096435546875,957.8522338867188,32.8563232421875,138.61322021484375,0.4976064,-1,-1,-1
637,1,1794.4267578125,949.7562866210938,33.2470703125,143.46661376953125,0.48366603,-1,-1,-1
638,1,1795.4677734375,943.0179443359375,33.122802734375,149.0736083984375,0.60633206,-1,-1,-1
639,1,1795.463134765625,935.0091552734375,34.9503173828125,147.0830078125,0.6625007,-1,-1,-1
640,1,1794.035888671875,927.5455322265625,37.826416015625,139.5933837890625,0.6900291,-1,-1,-1
641,1,1793.553955078125,920.8629760742188,40.52197265625,140.08868408203125,0.6837063,-1,-1,-1
642,1,1793.4228515625,914.0249633789062,42.305419921875,140.09954833984375,0.8348859,-1,-1,-1
643,1,1792.9642333984375,908.7120971679688,43.5286865234375,137.56414794921875,0.7933973,-1,-1,-1
644,1,1792.4471435546875,901.840576171875,44.8941650390625,135.951416015625,0.7147056,-1,-1,-1
645,1,1790.078369140625,896.3299560546875,47.94482421875,139.2679443359375,0.5942011,-1,-1,-1
646,1,1790.5540771484375,891.0338745117188,47.361083984375,137.65716552734375,0.75399125,-1,-1,-1
647,1,1789.9765625,885.277099609375,49.016357421875,136.525390625,0.69965625,-1,-1,-1
648,1,1788.5848388671875,879.93212890625,50.910400390625,138.64776611328125,0.609993,-1,-1,-1
649,1,1798.0858154296875,873.7064208984375,42.2982177734375,138.94195556640625,0.45022777,-1,-1,-1
650,1,1799.3123779296875,869.5127563476562,40.3314208984375,136.35986328125,0.35395992,-1,-1,-1
651,1,1800.927490234375,865.4478759765625,38.671875,136.94476318359375,0.55761194,-1,-1,-1
652,1,1800.9647216796875,863.0592041015625,39.4879150390625,137.72119140625,0.3557809,-1,-1,-1
653,1,1803.00537109375,859.5064697265625,36.9078369140625,137.926513671875,0.39950848,-1,-1,-1
654,1,1804.2391357421875,854.8695678710938,38.5487060546875,143.8353271484375,0.29536214,-1,-1,-1
655,1,1809.2861328125,851.7218017578125,37.570068359375,120.59271240234375,0.2564383,-1,-1,-1
656,1,1808.00048828125,845.1014404296875,42.7061767578125,131.0079345703125,0.366543,-1,-1,-1
657,1,1803.389404296875,838.0617065429688,44.207763671875,123.2589111328125,0.32686642,-1,-1,-1
658,1,1801.7626953125,831.197265625,40.70947265625,127.24945068359375,0.6466987,-1,-1,-1
659,1,1796.39794921875,819.7904052734375,47.5283203125,140.49615478515625,0.46023417,-1,-1,-1
660,1,1798.8314208984375,812.2092895507812,44.27099609375,138.844970703125,0.43824825,-1,-1,-1
661,1,1805.5904541015625,797.7061157226562,44.6964111328125,153.04852294921875,0.28302312,-1,-1,-1
662,1,1811.341796875,791.9176635742188,37.7913818359375,151.9664306640625,0.19280756,-1,-1,-1
663,1,1813.1502685546875,782.0137939453125,35.9681396484375,151.56903076171875,0.30193144,-1,-1,-1
664,1,1813.76953125,776.8258666992188,35.419677734375,148.87969970703125,0.23714353,-1,-1,-1
665,1,1812.5465087890625,767.9357299804688,34.0203857421875,146.7135009765625,0.49023196,-1,-1,-1
666,1,1809.8309326171875,758.9395751953125,35.63623046875,150.145751953125,0.35865685,-1,-1,-1
667,1,1807.1207275390625,750.59375,35.40185546875,149.22686767578125,0.5172252,-1,-1,-1
668,1,1806.3004150390625,744.4775390625,36.66845703125,144.67132568359375,0.54801154,-1,-1,-1
669,1,1805.99560546875,738.3886108398438,38.4066162109375,146.3336181640625,0.3318074,-1,-1,-1
670,1,1806.1552734375,730.238037109375,37.78466796875,157.34881591796875,0.5204582,-1,-1,-1
671,1,1805.641845703125,724.6101684570312,39.517822265625,150.33685302734375,0.40334445,-1,-1,-1
672,1,1805.5496826171875,719.3933715820312,39.380615234375,148.28564453125,0.45951167,-1,-1,-1
673,1,1804.7960205078125,711.0440673828125,41.6092529296875,157.0257568359375,0.32543498,-1,-1,-1
674,1,1805.4586181640625,706.0673217773438,40.5364990234375,153.9566650390625,0.35964748,-1,-1,-1
675,1,1804.873046875,701.8917846679688,41.52587890625,147.0263671875,0.4526289,-1,-1,-1
676,1,1805.3848876953125,695.258056640625,36.8978271484375,143.3095703125,0.62723386,-1,-1,-1
677,1,1804.9775390625,689.1627197265625,37.56689453125,148.306396484375,0.5890376,-1,-1,-1
678,1,1803.9447021484375,684.869873046875,38.3271484375,142.96185302734375,0.7187119,-1,-1,-1
679,1,1798.8316650390625,678.2510375976562,41.7886962890625,139.30389404296875,0.64511883,-1,-1,-1
680,1,1796.3515625,673.3152465820312,46.7818603515625,135.4061279296875,0.6301749,-1,-1,-1
681,1,1796.9930419921875,663.02392578125,50.1123046875,139.6234130859375,0.7782748,-1,-1,-1
682,1,1801.4552001953125,654.3707885742188,43.451416015625,141.5509033203125,0.79533654,-1,-1,-1
683,1,1802.0614013671875,643.6254272460938,43.8060302734375,144.61260986328125,0.57862025,-1,-1,-1
684,1,1800.544189453125,634.3681640625,42.126220703125,141.28765869140625,0.5362412,-1,-1,-1
685,1,1798.86328125,626.5552368164062,34.9720458984375,140.6375732421875,0.23202814,-1,-1,-1
686,1,1797.85791015625,616.87451171875,33.36181640625,142.70111083984375,0.49591053,-1,-1,-1
687,1,1796.4609375,609.1983032226562,33.4466552734375,145.298828125,0.6288851,-1,-1,-1
688,1,1796.167236328125,600.7754516601562,32.1485595703125,143.02374267578125,0.6331761,-1,-1,-1
689,1,1796.622802734375,593.358642578125,31.1417236328125,143.89935302734375,0.675646,-1,-1,-1
690,1,1796.3580322265625,586.6500854492188,30.95458984375,143.6815185546875,0.5890031,-1,-1,-1
691,1,1796.32080078125,579.5543212890625,31.366455078125,142.63604736328125,0.5351284,-1,-1,-1
692,1,1796.412841796875,573.7139282226562,31.105224609375,143.80902099609375,0.5086506,-1,-1,-1
693,1,1795.2431640625,565.6953125,32.2093505859375,147.4122314453125,0.47370762,-1,-1,-1
694,1,1794.734619140625,559.2745361328125,33.330078125,143.36077880859375,0.59695774,-1,-1,-1
695,1,1793.8768310546875,552.7847900390625,34.4010009765625,145.42236328125,0.46358687,-1,-1,-1
696,1,1793.466796875,545.8174438476562,35.369384765625,147.12884521484375,0.46846408,-1,-1,-1
697,1,1793.8546142578125,540.36962890625,35.4315185546875,145.975341796875,0.71952957,-1,-1,-1
698,1,1793.047119140625,534.472900390625,35.6783447265625,147.8204345703125,0.49392587,-1,-1,-1
699,1,1789.2882080078125,530.2980346679688,38.56494140625,146.552490234375,0.5086402,-1,-1,-1
700,1,1789.9173583984375,525.9929809570312,37.2086181640625,143.768310546875,0.5940953,-1,-1,-1
701,1,1789.6956787109375,520.128662109375,37.4326171875,143.8319091796875,0.45786905,-1,-1,-1
702,1,1789.7440185546875,513.2837524414062,37.1517333984375,147.19097900390625,0.5530855,-1,-1,-1
703,1,1792.3944091796875,509.6353454589844,38.1309814453125,139.79013061523438,0.50360936,-1,-1,-1
704,1,1790.4014892578125,503.4598693847656,46.102294921875,135.70394897460938,0.47757143,-1,-1,-1
705,1,1788.3731689453125,496.878662109375,45.31298828125,127.75970458984375,0.30324844,-1,-1,-1
706,1,1785.0479736328125,486.41790771484375,39.0869140625,130.9317626953125,0.4238229,-1,-1,-1
707,1,1782.2335205078125,473.6390380859375,42.5849609375,134.41253662109375,0.5731862,-1,-1,-1
708,1,1783.3670654296875,463.0907897949219,42.3165283203125,131.06600952148438,0.7080069,-1,-1,-1
709,1,1788.3310546875,451.46728515625,38.4228515625,135.7222900390625,0.61672395,-1,-1,-1
710,1,1791.399169921875,438.684814453125,38.5489501953125,145.2232666015625,0.50749946,-1,-1,-1
711,1,1791.2451171875,429.8778381347656,41.6492919921875,150.98519897460938,0.63128734,-1,-1,-1
712,1,1788.2596435546875,422.7832336425781,41.0965576171875,143.85958862304688,0.459727,-1,-1,-1
713,1,1787.7142333984375,414.5352783203125,40.838134765625,139.4404296875,0.47666466,-1,-1,-1
714,1,1787.6417236328125,405.04229736328125,38.1009521484375,141.78411865234375,0.5688834,-1,-1,-1
715,1,1786.69580078125,396.541748046875,36.1500244140625,145.984619140625,0.71612686,-1,-1,-1
716,1,1786.53857421875,386.59686279296875,35.363525390625,147.95880126953125,0.7335916,-1,-1,-1
717,1,1786.7069091796875,380.7317810058594,33.71044921875,143.22140502929688,0.70704406,-1,-1,-1
718,1,1786.0152587890625,372.9935302734375,34.10400390625,143.5294189453125,0.6618264,-1,-1,-1
719,1,1784.234130859375,366.0345458984375,36.3565673828125,145.24453735351562,0.42470738,-1,-1,-1
720,1,1783.8909912109375,358.5256652832031,36.394775390625,143.4219970703125,0.3578345,-1,-1,-1
721,1,1783.04931640625,352.001708984375,34.4354248046875,139.95053100585938,0.3364412,-1,-1,-1
722,1,1782.6947021484375,344.27886962890625,34.863525390625,140.366455078125,0.30894136,-1,-1,-1
723,1,1782.6229248046875,337.7046203613281,34.9403076171875,143.92498779296875,0.37425599,-1,-1,-1
724,1,1782.552978515625,332.2518310546875,34.2347412109375,141.62399291992188,0.5075705,-1,-1,-1
725,1,1782.0640869140625,328.18994140625,34.9222412109375,143.96945190429688,0.36641568,-1,-1,-1
726,1,1781.1141357421875,322.5176086425781,36.162841796875,144.15179443359375,0.5902889,-1,-1,-1
727,1,1780.6578369140625,317.3471984863281,35.6517333984375,141.53860473632812,0.56504995,-1,-1,-1
728,1,1779.114990234375,310.2973937988281,35.9000244140625,148.49887084960938,0.6018799,-1,-1,-1
729,1,1779.096435546875,304.7601318359375,36.4124755859375,149.51156616210938,0.5198929,-1,-1,-1
730,1,1778.7586669921875,300.2862243652344,35.6695556640625,153.81558227539062,0.5079753,-1,-1,-1
731,1,1777.756103515625,294.5477600097656,37.1146240234375,153.24530029296875,0.42612144,-1,-1,-1
732,1,1778.667236328125,289.62347412109375,33.9111328125,142.88058471679688,0.54298437,-1,-1,-1
733,1,1776.7767333984375,282.8518371582031,35.726806640625,143.89971923828125,0.3750382,-1,-1,-1
734,1,1777.6005859375,279.67449951171875,33.9732666015625,142.69583129882812,0.43135482,-1,-1,-1
735,1,1776.8743896484375,275.49884033203125,34.24658203125,141.15243530273438,0.26004362,-1,-1,-1
736,1,1776.9552001953125,272.9587097167969,34.2449951171875,138.92611694335938,0.31240097,-1,-1,-1
737,1,1777.193115234375,269.5320739746094,33.45654296875,141.70315551757812,0.13325225,-1,-1,-1
738,1,1776.5181884765625,263.5412902832031,34.5743408203125,139.91531372070312,0.16645388,-1,-1,-1
739,1,1777.0074462890625,257.9483947753906,33.5472412109375,141.00949096679688,0.20074284,-1,-1,-1
740,1,1777.7491455078125,254.50469970703125,32.536865234375,140.03973388671875,0.2712085,-1,-1,-1
741,1,1773.518310546875,251.56158447265625,35.0318603515625,136.24563598632812,0.31347305,-1,-1,-1
742,1,1777.1080322265625,245.94503784179688,33.0936279296875,142.98272705078125,0.24622291,-1,-1,-1
743,1,1773.334228515625,242.3084716796875,35.5684814453125,137.73065185546875,0.25795496,-1,-1,-1
744,1,1776.853759765625,239.135498046875,34.0098876953125,137.79766845703125,0.2778708,-1,-1,-1
745,1,1777.90625,233.93280029296875,31.9178466796875,139.42520141601562,0.38092762,-1,-1,-1
746,1,1777.247314453125,229.87100219726562,33.0252685546875,141.457275390625,0.38803938,-1,-1,-1
747,1,1777.748046875,225.9274444580078,32.0106201171875,139.3628387451172,0.3231631,-1,-1,-1
748,1,1777.783935546875,223.0895538330078,32.4656982421875,138.0146942138672,0.47274518,-1,-1,-1
749,1,1776.96337890625,220.8729248046875,33.9466552734375,139.85894775390625,0.319517,-1,-1,-1
750,1,1777.479736328125,217.33126831054688,33.1378173828125,138.04275512695312,0.43762693,-1,-1,-1
751,1,1776.515380859375,213.20558166503906,35.2904052734375,140.4974822998047,0.4686638,-1,-1,-1
752,1,1775.9005126953125,210.1586151123047,36.44677734375,143.6472930908203,0.3805122,-1,-1,-1
753,1,1777.97265625,208.21640014648438,32.9908447265625,141.58651733398438,0.266046,-1,-1,-1
754,1,1778.0867919921875,205.51014709472656,33.0673828125,143.85902404785156,0.40514013,-1,-1,-1
755,1,1776.1103515625,203.55401611328125,36.964599609375,142.6546630859375,0.38157248,-1,-1,-1
756,1,1769.11181640625,203.90750122070312,45.2314453125,130.240966796875,0.37247157,-1,-1,-1
757,1,1758.393798828125,207.48007202148438,59.5413818359375,113.80282592773438,0.50313216,-1,-1,-1
758,1,1751.839599609375,212.96804809570312,70.093505859375,97.58853149414062,0.53835803,-1,-1,-1
759,1,1745.1436767578125,216.12100219726562,81.138671875,74.30868530273438,0.5810744,-1,-1,-1
760,1,1735.1434326171875,216.2096405029297,95.52587890625,73.06941223144531,0.60479707,-1,-1,-1
761,1,1725.5189208984375,213.45172119140625,114.6446533203125,71.64218139648438,0.7251669,-1,-1,-1
762,1,1714.3824462890625,208.8509063720703,129.3304443359375,54.89826965332031,0.7387199,-1,-1,-1
763,1,1703.1580810546875,207.25033569335938,140.1632080078125,40.96673583984375,0.7836871,-1,-1,-1
764,1,1694.876220703125,207.05555725097656,139.4759521484375,41.58721923828125,0.7501153,-1,-1,-1
765,1,1686.3448486328125,205.86123657226562,149.4964599609375,45.34381103515625,0.44664025,-1,-1,-1
766,1,1675.306640625,207.25540161132812,129.2501220703125,41.90403747558594,0.62840974,-1,-1,-1
767,1,1663.81640625,205.9657745361328,137.2469482421875,34.520721435546875,0.64877063,-1,-1,-1
768,1,1655.1904296875,202.81430053710938,141.9947509765625,33.26597595214844,0.5730317,-1,-1,-1
769,1,1643.9373779296875,202.6435546875,139.7860107421875,31.715896606445312,0.761152,-1,-1,-1
770,1,1635.506103515625,201.33572387695312,140.865478515625,32.37579345703125,0.7507282,-1,-1,-1
771,1,1625.649169921875,202.67189025878906,141.6351318359375,30.532073974609375,0.72923636,-1,-1,-1
772,1,1618.5400390625,202.10989379882812,149.056884765625,31.508819580078125,0.5729161,-1,-1,-1
773,1,1609.393310546875,203.48155212402344,142.910888671875,28.899398803710938,0.6595963,-1,-1,-1
774,1,1600.926025390625,203.10914611816406,143.4215087890625,29.258941650390625,0.6584664,-1,-1,-1
775,1,1595.3121337890625,201.6573944091797,147.509765625,31.864166259765625,0.72095054,-1,-1,-1
776,1,1587.029541015625,201.6153564453125,145.8106689453125,33.0816650390625,0.70389736,-1,-1,-1
777,1,1579.8427734375,201.60855102539062,144.3929443359375,32.38726806640625,0.72785175,-1,-1,-1
778,1,1572.605712890625,201.49627685546875,144.31787109375,32.20109558105469,0.7755441,-1,-1,-1
779,1,1566.670654296875,200.98660278320312,143.2657470703125,31.205947875976562,0.75236815,-1,-1,-1
780,1,1559.30615234375,201.33534240722656,141.7674560546875,29.861328125,0.7091124,-1,-1,-1
781,1,1554.373046875,200.39097595214844,144.47509765625,30.382369995117188,0.69271266,-1,-1,-1
782,1,1548.7984619140625,200.1324462890625,144.76318359375,30.406997680664062,0.75001657,-1,-1,-1
783,1,1542.7235107421875,200.55856323242188,140.1180419921875,29.345260620117188,0.7258908,-1,-1,-1
784,1,1537.3648681640625,200.13925170898438,144.5814208984375,29.938629150390625,0.6248512,-1,-1,-1
785,1,1532.172607421875,198.1163330078125,137.17236328125,36.344085693359375,0.5635844,-1,-1,-1
786,1,1523.6029052734375,197.28562927246094,125.792724609375,43.51979064941406,0.7036256,-1,-1,-1
787,1,1514.1549072265625,195.1214599609375,127.9266357421875,44.11445617675781,0.78650874,-1,-1,-1
788,1,1504.1849365234375,194.81690979003906,134.1702880859375,39.70404052734375,0.6747052,-1,-1,-1
789,1,1493.185546875,194.42893981933594,138.2374267578125,39.275390625,0.5947381,-1,-1,-1
790,1,1483.1759033203125,191.9901580810547,138.715087890625,39.44740295410156,0.6118723,-1,-1,-1
791,1,1473.271484375,191.87550354003906,141.2208251953125,39.67219543457031,0.60194004,-1,-1,-1
792,1,1465.81005859375,195.56109619140625,138.751220703125,36.4696044921875,0.6140025,-1,-1,-1
793,1,1457.240234375,197.54469299316406,139.781005859375,34.22010803222656,0.71859133,-1,-1,-1
794,1,1448.0965576171875,197.30982971191406,145.4346923828125,35.49090576171875,0.627518,-1,-1,-1
795,1,1440.771484375,197.21351623535156,142.8995361328125,36.25544738769531,0.67509735,-1,-1,-1
796,1,1435.0714111328125,195.43621826171875,144.4854736328125,39.456298828125,0.59339297,-1,-1,-1
797,1,1426.43896484375,195.3595733642578,147.1072998046875,41.304595947265625,0.70182234,-1,-1,-1
798,1,1420.5224609375,195.2344970703125,142.3636474609375,39.89320373535156,0.6370213,-1,-1,-1
799,1,1414.4073486328125,194.45050048828125,141.025390625,39.24174499511719,0.61840796,-1,-1,-1
800,1,1407.745849609375,193.9807891845703,140.5660400390625,40.62361145019531,0.65523857,-1,-1,-1
801,1,1401.6556396484375,193.93081665039062,137.4705810546875,40.8797607421875,0.5402042,-1,-1,-1
802,1,1395.388671875,192.07464599609375,140.333984375,43.765625,0.532682,-1,-1,-1
803,1,1389.3690185546875,191.98797607421875,139.7913818359375,43.6123046875,0.6250968,-1,-1,-1
804,1,1384.170654296875,189.2709197998047,144.3387451171875,44.451171875,0.4594246,-1,-1,-1
805,1,1379.8760986328125,191.35589599609375,138.3577880859375,44.48985290527344,0.45171195,-1,-1,-1
806,1,1374.1788330078125,189.8912353515625,140.4412841796875,43.06193542480469,0.48153526,-1,-1,-1
807,1,1369.3875732421875,188.19248962402344,139.564697265625,46.05328369140625,0.37410504,-1,-1,-1
808,1,1363.8270263671875,190.57643127441406,138.7545166015625,40.074676513671875,0.6185583,-1,-1,-1
809,1,1358.6898193359375,190.70362854003906,138.519775390625,38.55882263183594,0.5459988,-1,-1,-1
810,1,1354.9942626953125,190.09368896484375,142.84716796875,40.29316711425781,0.6771055,-1,-1,-1
811,1,1352.465087890625,187.55992126464844,133.9552001953125,43.0240478515625,0.56375885,-1,-1,-1
812,1,1354.5321044921875,184.4762420654297,120.9952392578125,51.22222900390625,0.7215887,-1,-1,-1
813,1,1358.8939208984375,181.77024841308594,101.5518798828125,55.725982666015625,0.6258127,-1,-1,-1
814,1,1363.0439453125,178.6533966064453,84.8209228515625,58.59327697753906,0.609383,-1,-1,-1
815,1,1360.77880859375,174.0723419189453,82.2191162109375,64.63267517089844,0.7110036,-1,-1,-1
816,1,1362.2130126953125,171.47471618652344,74.88671875,66.7132568359375,0.5301472,-1,-1,-1
817,1,1361.5849609375,166.24603271484375,64.7982177734375,72.85194396972656,0.51432705,-1,-1,-1
818,1,1361.0662841796875,162.99917602539062,65.0975341796875,76.62205505371094,0.53872716,-1,-1,-1
819,1,1360.068359375,161.19100952148438,60.1673583984375,77.98588562011719,0.584079,-1,-1,-1
820,1,1360.0831298828125,159.66400146484375,57.4405517578125,80.20191955566406,0.3900871,-1,-1,-1
821,1,1356.4600830078125,151.18212890625,58.9307861328125,91.56402587890625,0.3652707,-1,-1,-1
822,1,1356.14111328125,148.88992309570312,58.5177001953125,94.96955871582031,0.28287408,-1,-1,-1
823,1,1356.1566162109375,142.97488403320312,57.1148681640625,100.00003051757812,0.3808452,-1,-1,-1
824,1,1355.0567626953125,136.4176025390625,59.695068359375,105.45567321777344,0.5124004,-1,-1,-1
825,1,1356.20458984375,131.4419708251953,56.7576904296875,105.78671264648438,0.37865016,-1,-1,-1
826,1,1353.96728515625,133.6001434326172,59.1251220703125,101.96722412109375,0.39854437,-1,-1,-1
827,1,1352.6392822265625,132.99842834472656,62.746826171875,101.04739379882812,0.4763783,-1,-1,-1
828,1,1350.026611328125,145.04376220703125,68.5540771484375,87.39234924316406,0.59104896,-1,-1,-1
829,1,1348.0982666015625,145.77777099609375,72.250732421875,86.32249450683594,0.67734253,-1,-1,-1
830,1,1346.246337890625,144.23440551757812,77.553955078125,88.90940856933594,0.67456746,-1,-1,-1
831,1,1345.570068359375,144.3378448486328,79.1431884765625,88.9246826171875,0.6800645,-1,-1,-1
832,1,1344.3997802734375,145.57089233398438,78.939208984375,89.09243774414062,0.80789703,-1,-1,-1
833,1,1340.2891845703125,143.99563598632812,82.0338134765625,97.388427734375,0.7364224,-1,-1,-1
834,1,1333.3428955078125,151.23048400878906,87.1248779296875,97.13453674316406,0.7589017,-1,-1,-1
835,1,1331.637939453125,157.63980102539062,87.007080078125,96.74398803710938,0.7393164,-1,-1,-1
836,1,1333.748291015625,160.1143798828125,84.3553466796875,100.5894775390625,0.68497616,-1,-1,-1
837,1,1342.5244140625,162.71249389648438,75.1806640625,104.845458984375,0.6735157,-1,-1,-1
838,1,1349.28955078125,162.4014892578125,68.6221923828125,110.70379638671875,0.8273499,-1,-1,-1
839,1,1353.521728515625,159.46392822265625,64.7388916015625,118.00088500976562,0.6523402,-1,-1,-1
840,1,1365.947021484375,160.73095703125,54.454833984375,122.47970581054688,0.61824185,-1,-1,-1
841,1,1368.659912109375,161.0131378173828,50.6563720703125,125.40135192871094,0.63777965,-1,-1,-1
842,1,1373.2952880859375,161.9299774169922,47.4969482421875,129.2921905517578,0.61391973,-1,-1,-1
843,1,1377.0972900390625,161.76441955566406,43.38671875,132.44883728027344,0.54786056,-1,-1,-1
844,1,1378.795654296875,162.65518188476562,42.318359375,135.83148193359375,0.58912146,-1,-1,-1
845,1,1378.0653076171875,161.758544921875,43.2518310546875,140.4462890625,0.7362648,-1,-1,-1
846,1,1384.0013427734375,172.09451293945312,36.6600341796875,133.198486328125,0.33868575,-1,-1,-1
847,1,1384.2554931640625,175.72813415527344,36.4398193359375,132.0352020263672,0.44623074,-1,-1,-1
848,1,1384.7650146484375,177.89950561523438,35.4542236328125,132.39840698242188,0.36272937,-1,-1,-1
849,1,1384.27978515625,179.06735229492188,36.6319580078125,135.90826416015625,0.24717537,-1,-1,-1
850,1,1386.35498046875,179.388916015625,37.661376953125,137.23123168945312,0.37847704,-1,-1,-1
851,1,1387.468505859375,185.38917541503906,35.8441162109375,134.21836853027344,0.4293677,-1,-1,-1
852,1,1387.5504150390625,190.90090942382812,36.0323486328125,130.73428344726562,0.43661135,-1,-1,-1
853,1,1388.3939208984375,191.61256408691406,35.025146484375,133.17701721191406,0.42197117,-1,-1,-1
854,1,1388.244140625,191.95315551757812,35.1688232421875,134.91778564453125,0.3959359,-1,-1,-1
855,1,1388.423583984375,191.8446502685547,34.9771728515625,137.9236297607422,0.30167627,-1,-1,-1
856,1,1388.334228515625,191.727294921875,35.33837890625,139.46914672851562,0.21844538,-1,-1,-1
857,1,1388.1397705078125,193.2754364013672,35.1790771484375,141.7713165283203,0.16898055,-1,-1,-1
858,1,1388.7249755859375,202.3910369873047,35.1231689453125,134.9272003173828,0.2755429,-1,-1,-1
859,1,1388.5322265625,204.39288330078125,35.740234375,136.36920166015625,0.20613427,-1,-1,-1
860,1,1388.355712890625,207.783203125,35.67626953125,133.98800659179688,0.42532215,-1,-1,-1
861,1,1388.8359375,208.0854034423828,35.0098876953125,136.29823303222656,0.41721374,-1,-1,-1
862,1,1388.4788818359375,208.0081024169922,34.9600830078125,138.7587432861328,0.36455598,-1,-1,-1
863,1,1387.55126953125,208.04188537597656,36.740234375,140.86802673339844,0.334919,-1,-1,-1
864,1,1387.0777587890625,216.37168884277344,37.5230712890625,133.35813903808594,0.5271363,-1,-1,-1
865,1,1387.3116455078125,217.5150909423828,36.51611328125,134.1632843017578,0.5664817,-1,-1,-1
866,1,1387.118408203125,215.48660278320312,36.479248046875,138.35113525390625,0.5523414,-1,-1,-1
867,1,1387.177001953125,215.83685302734375,36.4256591796875,139.36773681640625,0.5278102,-1,-1,-1
868,1,1383.892333984375,223.94027709960938,36.8717041015625,132.34320068359375,0.4561527,-1,-1,-1
869,1,1383.611083984375,223.87123107910156,37.610107421875,133.5446319580078,0.52005005,-1,-1,-1
870,1,1383.9503173828125,224.13536071777344,36.56982421875,134.9278106689453,0.5391708,-1,-1,-1
871,1,1382.49951171875,231.614013671875,39.820556640625,128.59564208984375,0.33117223,-1,-1,-1
872,1,1373.8548583984375,238.52989196777344,50.9212646484375,122.55924987792969,0.5887724,-1,-1,-1
873,1,1369.6605224609375,242.1854705810547,57.2177734375,122.64387512207031,0.53273636,-1,-1,-1
874,1,1368.11083984375,251.64195251464844,59.272216796875,116.47062683105469,0.59074426,-1,-1,-1
875,1,1364.2303466796875,249.6702880859375,66.16259765625,123.26724243164062,0.5360842,-1,-1,-1
876,1,1360.193115234375,252.97044372558594,68.7152099609375,124.94490051269531,0.3566821,-1,-1,-1
877,1,1358.541259765625,266.1805114746094,70.7164306640625,116.68258666992188,0.6453238,-1,-1,-1
878,1,1355.4949951171875,269.6599426269531,75.6409912109375,118.32394409179688,0.64042085,-1,-1,-1
879,1,1354.7933349609375,270.8248291015625,78.0574951171875,122.54891967773438,0.5676662,-1,-1,-1
880,1,1353.407958984375,282.1297302246094,79.898681640625,116.206787109375,0.5876589,-1,-1,-1
881,1,1351.1263427734375,281.276611328125,83.58642578125,121.12600708007812,0.77585226,-1,-1,-1
882,1,1348.032470703125,281.5689392089844,88.4744873046875,124.85952758789062,0.7934547,-1,-1,-1
883,1,1347.2791748046875,293.1588439941406,86.2431640625,114.555908203125,0.7654884,-1,-1,-1
884,1,1345.3172607421875,293.6124572753906,87.3411865234375,118.31658935546875,0.7049613,-1,-1,-1
885,1,1341.790283203125,295.2975769042969,87.772216796875,118.96090698242188,0.54119277,-1,-1,-1
886,1,1341.3314208984375,297.65673828125,87.9412841796875,120.7332763671875,0.68100905,-1,-1,-1
887,1,1339.888916015625,297.4927978515625,88.9874267578125,124.08883666992188,0.8279772,-1,-1,-1
888,1,1338.14990234375,299.42047119140625,88.7177734375,125.29876708984375,0.807503,-1,-1,-1
889,1,1332.690185546875,307.464111328125,85.6534423828125,117.42269897460938,0.75748116,-1,-1,-1
890,1,1320.3404541015625,304.49566650390625,89.6937255859375,117.59829711914062,0.46806425,-1,-1,-1
891,1,1312.63671875,319.79046630859375,85.404541015625,101.8411865234375,0.54037094,-1,-1,-1
892,1,1305.58544921875,331.2152404785156,92.38623046875,87.67373657226562,0.6230438,-1,-1,-1
893,1,1300.925048828125,339.27166748046875,99.303955078125,80.351806640625,0.7701769,-1,-1,-1
894,1,1293.627685546875,339.6934814453125,111.7625732421875,80.473388671875,0.7834479,-1,-1,-1
895,1,1286.3642578125,361.8861999511719,122.244384765625,58.89288330078125,0.70228565,-1,-1,-1
896,1,1277.3907470703125,372.9323425292969,132.9482421875,47.101226806640625,0.6292343,-1,-1,-1
897,1,1272.4627685546875,378.32989501953125,138.8929443359375,44.059844970703125,0.74287283,-1,-1,-1
898,1,1265.787109375,385.42633056640625,146.0755615234375,38.393829345703125,0.7537793,-1,-1,-1
899,1,1262.376220703125,390.0724182128906,143.685791015625,36.84637451171875,0.64984775,-1,-1,-1
900,1,1254.6422119140625,389.7214660644531,149.55810546875,38.5284423828125,0.5977075,-1,-1,-1
